3.028404194071937452e-10
3.271194426434358599e-10
3.910869406085752408e-10
2.015145827969044379e-10
2.649152008856624074e-10
3.427456096700697243e-10
4.373348350111890747e-10
2.752860162029773148e-10
3.899482958739075666e-10
2.646030061705757441e-10
3.940816561943206206e-10
2.923403741283180644e-10
4.758904381649639106e-10
4.002798092957258829e-10
3.338573861782768102e-10
5.234772615351274111e-10
4.864586511356392379e-10
4.764411087842286951e-10
4.823215160562294804e-10
4.937596997894913916e-10
5.237943412298035437e-10
5.746350062407891922e-10
6.444851319239911198e-10
4.953970567050446260e-10
5.974725159009798480e-10
7.234692844746733139e-10
6.171629873757668686e-10
5.369122923971693385e-10
7.318852190892978743e-10
6.808613672785062668e-10
6.891509585136737742e-10
6.819271813811071681e-10
7.244367328150180932e-10
7.836473692083182022e-10
8.710330234759160741e-10
7.350731134781937922e-10
8.749418966995839586e-10
7.917202449067018721e-10
1.014888395531807633e-09
9.928002864113846255e-10
1.009134775727125756e-09
1.057361087558985517e-09
1.145695760467601081e-09
1.006713601351765157e-09
1.165664009741500228e-09
1.114329739572153336e-09
1.090316947815722549e-09
1.123112269827838322e-09
1.182097086856927855e-09
1.296875051765419783e-09
1.440948693669189800e-09
1.393898552106660759e-09
1.394593329673393511e-09
1.435796814739468013e-09
1.534341320625841527e-09
1.683544636991888788e-09
1.641723201785385786e-09
1.644485436667780377e-09
1.716185193907236347e-09
1.840448682291944081e-09
1.776136127007180470e-09
2.033327506308208058e-09
2.104858509647031164e-09
1.983590625019822520e-09
2.184184166792313903e-09
2.219086025968029629e-09
2.322196657107297404e-09
2.246385743999066070e-09
2.509385588118239542e-09
2.603284920865683933e-09
2.528447007215114084e-09
2.788618003066245224e-09
2.640832219447898128e-09
2.844749990997180581e-09
2.889019690006230823e-09
3.030003581225084994e-09
3.022749828061534492e-09
3.132424541806212337e-09
3.345574483936005106e-09
3.424734051713591151e-09
3.619552213303729276e-09
3.688287897101509959e-09
3.879185195056123295e-09
3.949356619267481457e-09
4.153593912994817097e-09
4.247810325426757095e-09
4.231955896527124664e-09
4.362838090478696630e-09
4.647642936830565000e-09
4.834877386974082238e-09
4.938452535407722973e-09
5.207862807250929911e-09
5.152211323801711779e-09
5.525716328474814825e-09
5.580548467272726104e-09
5.827542448062608045e-09
6.019713393849727619e-09
6.163894283261315427e-09
6.267885099178873567e-09
6.593101175426487989e-09
6.887050040628764268e-09
6.913383864589553928e-09
7.180048110776807684e-09
7.441711468368430157e-09
7.708717219150641283e-09
7.988044447100841374e-09
8.289513963049576389e-09
8.620046675288092119e-09
8.741963374169152612e-09
9.161600587952535896e-09
9.391758924697581435e-09
9.687836309434360062e-09
1.006824712329395256e-08
1.028195528546424262e-08
1.060225462795406059e-08
1.103710767029522233e-08
1.134367199964233227e-08
1.178910790988145844e-08
1.213213351765117591e-08
1.263987203538916053e-08
1.307474772623353873e-08
1.344740940534630260e-08
1.377704461317243522e-08
1.432849305543212337e-08
1.486541667189184518e-08
1.515088476526668358e-08
1.570207297120600900e-08
1.629262990762541926e-08
1.693385764491627013e-08
1.739504384495454188e-08
1.794481007717040097e-08
1.860326359076195018e-08
1.914076097033244509e-08
1.982577901223165274e-08
2.043138035866160085e-08
2.098049089303639581e-08
2.174158674556975649e-08
2.249445606750383998e-08
2.325867364506800116e-08
2.406065479264895707e-08
2.467409586774892829e-08
2.563060007626371443e-08
2.645085638288587165e-08
2.716864421131399017e-08
2.806137076985979637e-08
2.916343232213764777e-08
2.999910918227552908e-08
3.110592071262430505e-08
3.201412844283714868e-08
3.300936588973558574e-08
3.412960623349578432e-08
3.541091839972312515e-08
3.638671473101403218e-08
3.760033060405325981e-08
3.884406704970138381e-08
4.015618013293140209e-08
4.158225894180040050e-08
4.291639152214577171e-08
4.420132967605774099e-08
4.574051933857474041e-08
4.733116139881539525e-08
4.877090083521062550e-08
5.036555857185799611e-08
5.191963210566798174e-08
5.373797735492144645e-08
5.537743680891742433e-08
5.740225756113050788e-08
5.911665240592514198e-08
6.109107280712543731e-08
6.313863603320857212e-08
6.532812328702191569e-08
6.722764448946577453e-08
6.966365299063947153e-08
7.195800702556041077e-08
7.418640182206290448e-08
7.668332270844818201e-08
7.902770183743520233e-08
8.180832844856604275e-08
8.435924303209451768e-08
8.727491517263611599e-08
9.014575495262269771e-08
9.307086198915935710e-08
9.615047410079645379e-08
9.923782380017315046e-08
1.024385226067611014e-07
1.058640584505145498e-07
1.093786663765552819e-07
1.128493825226441997e-07
1.166478933482232739e-07
1.203999295709472168e-07
1.242339337806556018e-07
1.285373638208802505e-07
1.326935711806588555e-07
1.370993910929690835e-07
1.413983715778000334e-07
1.459962844956302155e-07
1.508012000493689835e-07
1.559735061639673928e-07
1.609287443576380584e-07
1.663460489348713374e-07
1.716502479853009920e-07
1.772756643087865797e-07
1.831673323175307630e-07
1.892696908978908838e-07
1.952844582103691398e-07
2.016747591246167679e-07
2.084093932646682489e-07
2.152101056559938409e-07
2.223096847533348264e-07
2.294444137300233550e-07
2.371174323385788655e-07
2.448291988371026027e-07
2.528441470336824121e-07
2.611877587581662654e-07
2.696372235909448269e-07
2.784839279943024835e-07
2.877825824253005327e-07
2.970849711960330077e-07
3.069679810676204237e-07
3.170085999700933923e-07
3.272982727531288144e-07
3.381927310852403069e-07
3.493012481801099742e-07
3.607526549839208731e-07
3.724348256086873387e-07
3.847495804529160998e-07
3.973596359610527459e-07
4.104459320604250405e-07
4.236942696404400018e-07
4.378190428000710630e-07
4.520346397354213199e-07
4.668317588245529342e-07
4.822116643849294401e-07
4.979440071204726498e-07
5.143158720536923300e-07
5.311287881323749603e-07
5.487090841564888676e-07
5.666425902879538487e-07
5.852928601562313828e-07
6.042864460477376572e-07
6.242797091451097460e-07
6.446901380649984054e-07
6.657126546801653282e-07
6.875662959905428961e-07
7.102412642779747910e-07
7.334988900094082535e-07
7.576344955906467039e-07
7.824585062631320161e-07
8.080667486872936686e-07
8.345796836027487654e-07
8.618931523390934370e-07
8.901880688392755932e-07
9.194225787595963745e-07
9.495849688805449379e-07
9.807002258324286790e-07
1.012821301931579905e-06
1.046041096635654201e-06
1.080235165260265512e-06
1.115819350934530253e-06
1.152492386429404932e-06
1.190246550555318969e-06
1.229110342771706779e-06
1.269411194027679580e-06
1.311267303001927131e-06
1.354084970782812168e-06
1.398577775791074982e-06
1.444499909339868673e-06
1.491906358090073107e-06
1.540652088707977427e-06
1.591149257258589585e-06
1.643360002854374579e-06
1.697304211049221469e-06
1.753060125609909335e-06
1.810514699333799091e-06
1.869866448435260089e-06
1.931130200291965367e-06
1.994386212411778162e-06
2.059781141377260688e-06
2.127535502280078426e-06
2.197186121129946137e-06
2.269353762196221975e-06
2.343726881943531704e-06
2.420583402285881130e-06
2.500028366330534255e-06
2.582004711324329182e-06
2.666541555424987217e-06
2.754010546984751767e-06
2.844379209785344913e-06
2.937708743637265138e-06
3.033911792091311293e-06
3.133509062914509065e-06
3.236372695280948332e-06
3.342486079772693292e-06
3.451948868410975899e-06
3.565231338754260968e-06
3.682171363417653382e-06
3.802982593943296244e-06
3.927510238407557696e-06
4.056486630557962659e-06
4.189527790511335670e-06
4.326893405300059442e-06
4.468745230712275985e-06
4.615396549115103278e-06
4.766563111644304866e-06
4.922881254638240904e-06
5.084403101052616945e-06
5.251099276952730719e-06
5.423379609345798309e-06
5.601332089224858334e-06
5.784986995699390903e-06
5.974575157747741974e-06
6.170530789385554391e-06
6.372999113436289171e-06
6.581838747444901807e-06
6.797642189648616730e-06
7.020729780249478729e-06
7.250907785148545095e-06
7.488737173712134517e-06
7.734281047371504596e-06
7.987869463471395940e-06
8.249853536374145889e-06
8.520365869490094480e-06
8.799834851973254739e-06
9.088484451714099515e-06
9.386601865447582731e-06
9.694293773200902500e-06
1.001225136134979486e-05
1.034075765302789425e-05
1.067969487433329925e-05
1.103006656908201463e-05
1.139174771174555637e-05
1.176525521025820506e-05
1.215126411776202661e-05
1.254960204495125049e-05
1.296128843007546943e-05
1.338627771104726718e-05
1.382523584036838542e-05
1.427880242230150316e-05
1.474684850299432093e-05
1.523050941152502030e-05
1.572993388000336614e-05
1.624581218498230125e-05
1.677863808352875093e-05
1.732898022026164281e-05
1.789724701952196534e-05
1.848421418334404221e-05
1.909028383485656335e-05
1.971651763357822867e-05
2.036314249069554077e-05
2.103083724481023137e-05
2.172050025070444563e-05
2.243277164836124117e-05
2.316855853818772847e-05
2.392830835921707551e-05
2.471303911463182027e-05
2.552361512700566010e-05
2.636051555165036338e-05
2.722513445145638490e-05
2.811778282876596123e-05
2.903999443663751547e-05
2.999228675437419628e-05
3.097596091695865460e-05
3.199187042470111938e-05
3.304096753846966016e-05
3.412458100622559379e-05
3.524370925619346392e-05
3.639930262868562192e-05
3.759305970921454621e-05
3.882596268944467648e-05
4.009932119640871389e-05
4.141431550893591294e-05
4.277254371652270890e-05
4.417506264025607664e-05
4.562394865285797601e-05
4.712007506664172792e-05
4.866543672179773867e-05
5.026143968723560738e-05
5.190970636830851120e-05
5.361213635489253378e-05
5.537021142386026461e-05
5.718605898328918419e-05
5.906150884193288612e-05
6.099841187885480148e-05
6.299870141587898744e-05
6.506497431443311445e-05
6.719853963627295279e-05
6.940251521029766678e-05
7.167838206644503753e-05
7.402908122034992282e-05
7.645683013067573514e-05
7.896421247985365625e-05
8.155375852035813349e-05
8.422829111999359769e-05
8.699051379560245067e-05
8.984334918602013265e-05
9.278980023614957090e-05
9.583278266217038410e-05
9.897574874422638972e-05
1.022215268612865414e-04
1.055739478529769883e-04
1.090361963096255692e-04
1.126119406065674843e-04
1.163049448946028584e-04
1.201192059078582482e-04
1.240583218700060141e-04
1.281268871063344892e-04
1.323288748652317703e-04
1.366685323974681525e-04
1.411505333987785309e-04
1.457793748613936500e-04
1.505602930981437323e-04
1.554976643135969083e-04
1.605971920296129488e-04
1.658640643657297562e-04
1.713033905868647003e-04
1.769213929571820346e-04
1.827233355489922160e-04
1.887157393928311938e-04
1.949045702114350111e-04
2.012964644036258576e-04
2.078979379519105492e-04
2.147158662717098081e-04
2.217572163169533072e-04
2.290297909819634999e-04
2.365407199778333017e-04
2.442979741669727115e-04
2.523096270169521258e-04
2.605838775917070364e-04
2.691295895672439335e-04
2.779555768051918032e-04
2.870711559743822981e-04
2.964854619138570222e-04
3.062085161478742034e-04
3.162505623779457149e-04
3.266219062764702942e-04
3.373332731585812483e-04
3.483959216123384611e-04
3.598215254708991297e-04
3.716215588884008757e-04
3.838087070190006052e-04
3.963957798353109256e-04
4.093953830836595271e-04
4.228211277083468640e-04
4.366873359217091251e-04
4.510082563661093062e-04
4.657988088024098811e-04
4.810745963741844202e-04
4.968511648043035358e-04
5.131450532015347649e-04
5.299733480982095346e-04
5.473535024831443834e-04
5.653036941115330803e-04
5.838424202934755849e-04
6.029894046121137344e-04
6.227639728823587944e-04
6.431872631124923309e-04
6.642801427391623438e-04
6.860646998915911985e-04
7.085637333951967307e-04
7.318007674845847894e-04
7.557995981565952511e-04
7.805853674470793636e-04
8.061841608872187407e-04
8.326223762836553691e-04
8.599276350962418948e-04
8.881284610478789839e-04
9.172539976451324481e-04
9.473345014371206468e-04
9.784016254582247624e-04
1.010487474757120353e-03
1.043625710741755445e-03
1.077850424807367223e-03
1.113197569074776249e-03
1.149703909668810514e-03
1.187407525716517977e-03
1.226347344471220456e-03
1.266564234303701629e-03
1.308100119464549989e-03
1.350997897847198981e-03
1.395302673276834849e-03
1.441060000672364375e-03
1.488318223601293924e-03
1.537125810989439095e-03
1.587534308276075928e-03
1.639595532532231404e-03
1.693364125050180000e-03
1.748896126558115117e-03
1.806248876296551479e-03
1.865482734322871077e-03
1.926658589459318525e-03
1.989840973787220663e-03
2.055094949143417872e-03
2.122489107488454308e-03
2.192093114304609174e-03
2.263979339422246551e-03
2.338223328014719937e-03
2.414901565675421549e-03
2.494094375346663991e-03
2.575884110527111408e-03
2.660355954017260688e-03
2.747597808533262537e-03
2.837700278937422497e-03
2.930757508977138628e-03
3.026866352226838860e-03
3.126126414413844725e-03
3.228641453445016320e-03
3.334518377715398312e-03
3.443866864598898840e-03
3.556800853366836115e-03
3.673438416712981186e-03
3.793900226023166986e-03
3.918312447380504354e-03
4.046803970040980560e-03
4.179508823718623874e-03
4.316564950280231405e-03
4.458115399709815067e-03
4.604307165429631990e-03
4.755292434197646093e-03
4.911228754396326779e-03
5.072277858532783096e-03
5.238607680588865806e-03
5.410391290502702261e-03
5.587807516371402425e-03
5.771041013366962243e-03
5.960282529458919322e-03
6.155728876885152231e-03
6.357583365283386856e-03
6.566056460677930501e-03
6.781364901376867038e-03
7.003732572322314033e-03
7.233391109123561355e-03
7.470579495151648611e-03
7.715544430314537870e-03
7.968540950078780924e-03
8.229832085479173512e-03
8.499690046497188761e-03
8.778395447505632845e-03
9.066238091769360241e-03
9.363517815170425973e-03
9.670543652906123458e-03
9.987635087431497721e-03
1.031512214648205167e-02
1.065334509790333631e-02
1.100265627284478277e-02
1.136341900999300603e-02
1.173600823851065136e-02
1.212081172748828012e-02
1.251822974543344638e-02
1.292867539688374694e-02
1.335257592222595206e-02
1.379037217998847591e-02
1.424251913021077481e-02
1.470948704633013270e-02
1.519176173679394164e-02
1.568984454236694442e-02
1.620425336367103258e-02
1.673552326543214022e-02
1.728420614105605213e-02
1.785087273407852740e-02
1.843611201443890596e-02
1.904053245385463333e-02
1.966476219517013929e-02
2.030945015047933011e-02
2.097526606114081052e-02
2.166290226995091703e-02
2.237307323728260355e-02
2.310651683785333588e-02
2.386399519982746256e-02
2.464629511643961698e-02
2.545422955467601528e-02
2.628863779386806515e-02
2.715038647245234665e-02
2.804037056088757793e-02
2.895951431744942309e-02
2.990877247674737782e-02
3.088913047287063576e-02
3.190160623212043300e-02
3.294725081245900022e-02
3.402714967509005983e-02
3.514242363016261556e-02
3.629423050637495263e-02
3.748376503577734858e-02
3.871226182905111723e-02
3.998099514455332598e-02
4.129128155667856348e-02
4.264447953359626342e-02
4.404199274881617082e-02
4.548527039793198029e-02
4.697580859132498288e-02
4.851515286004716432e-02
5.010489857735753866e-02
5.174669312442684022e-02
5.344223756952094090e-02
5.519328895999477125e-02
5.700166047944928843e-02
5.886922536786222404e-02
6.079791732714003721e-02
6.278973304750834483e-02
6.484673412041346008e-02
6.697104922201932431e-02
6.916487606701463009e-02
7.143048427876882989e-02
7.377021693446735029e-02
7.618649316819645079e-02
7.868181066544494007e-02
8.125874808238620073e-02
8.391996829377733336e-02
8.666821976167769781e-02
8.950634088841732949e-02
9.243726148008965526e-02
9.546400635111160216e-02
9.858969848750606668e-02
1.018175618683791056e-01
1.051509252648994280e-01
1.085932241747595423e-01
1.121480059910894833e-01
1.158189325354946758e-01
1.196097835773612672e-01
1.235244612130879105e-01
1.275669937583247260e-01
1.317415390177990864e-01
1.360523885994947835e-01
1.405039729011866578e-01
1.451008649555097230e-01
1.498477842164747387e-01
1.547496025725845492e-01
1.598113486095444069e-01
1.650382117044482955e-01
1.704355479273271246e-01
1.760088857127794504e-01
1.817639296811899285e-01
1.877065678092969259e-01
1.938428760342998103e-01
2.001791247507357652e-01
2.067217844554095352e-01
2.134775317374462134e-01
2.204532568932321135e-01
2.276560685715620647e-01
2.350933025421712008e-01
2.427725267156710665e-01
2.507015498541411147e-01
2.588884280864563459e-01
2.673414733070202942e-01
2.760692592907442733e-01
2.850806312872919412e-01
2.943847138939673647e-01
3.039909185368172562e-01
3.139089533835939250e-01
3.241488313046378966e-01
3.347208799298945214e-01
3.456357494526214880e-01
3.569044238643758749e-01
3.685382302763728912e-01
3.805488480237143589e-01
3.929483207782739629e-01
4.057490656449551092e-01
4.189638850643199741e-01
4.326059773266967556e-01
4.466889480968136428e-01
4.612268222237572157e-01
4.762340560818368873e-01
4.917255485579559160e-01
5.077166548099247834e-01
5.242231985890553059e-01
5.412614849749941559e-01
5.588483139684164991e-01
5.770009945646209504e-01
5.957373572373401149e-01
6.150757694041268930e-01
6.350351496721582389e-01
6.556349812440599445e-01
6.768953283585866787e-01
6.988368507174774757e-01
7.214808182611048837e-01
7.448491285163917341e-01
7.689643201617013535e-01
7.938495908155178693e-01
8.195288131427854728e-01
8.460265493520636726e-01
8.733680709000496423e-01
9.015793720139676504e-01
9.306871886042621389e-01
9.607190143862723852e-01
9.917031180089930231e-01
1.023668560234945346e+00
1.056645210037302718e+00
1.090663762744561893e+00
1.125755756763974214e+00
1.161953589090124250e+00
1.199290533604755904e+00
1.237800756258735646e+00
1.277519331927869484e+00
1.318482259600676221e+00
1.360726478020856112e+00
1.404289880306935245e+00
1.449211328572233226e+00
1.495530667794557012e+00
1.543288737414011846e+00
1.592527385171540688e+00
1.643289476924310932e+00
1.695618906846218632e+00
1.749560606648109973e+00
1.805160552759219605e+00
1.862465771921155921e+00
1.921524345665926337e+00
1.982385413206362523e+00
2.045099170993164517e+00
2.109716871093409107e+00
2.176290816864145494e+00
2.244874356697788897e+00
2.315521872198044395e+00
2.388288766599329094e+00
2.463231447192173018e+00
2.540407305021724849e+00
2.619874690322061994e+00
2.701692881840213278e+00
2.785922054690431526e+00
2.872623238776342181e+00
2.961858274707203087e+00
3.053689761029819927e+00
3.148180996717552471e+00
3.245395914486614242e+00
3.345399006779284257e+00
3.448255244286657639e+00
3.554029983600825116e+00
3.662788866170653357e+00
3.774597704255441499e+00
3.889522359487860292e+00
4.007628603554363345e+00
4.128981971023805819e+00
4.253647592462961313e+00
4.381690016971576895e+00
4.513173013899002051e+00
4.648159359545475766e+00
4.786710602232007616e+00
4.928886810609313329e+00
5.074746294554063120e+00
5.224345306904733199e+00
5.377737718103455578e+00
5.534974662735161033e+00
5.696104158608137347e+00
5.861170693887653549e+00
6.030214780507373362e+00
6.203272472776894197e+00
6.380374847530069005e+00
6.561547441950710713e+00
6.746809651034847199e+00
6.936174074660475419e+00
7.129645818380607736e+00
7.327221738008047325e+00
7.528889629763395597e+00
7.734627358268333808e+00
7.944401921238421593e+00
8.158168443764131084e+00
8.375869100733225991e+00
8.597431959164708815e+00
8.822769738480101154e+00
9.051778480208374944e+00
9.284336124259928269e+00
9.520300984715087012e+00
9.759510114990707308e+00
1.000177756178122124e+01
1.024689249648078970e+01
1.049461721524157554e+01
1.074468500408201344e+01
1.099679785409994714e+01
1.125062402472399192e+01
1.150579543722643194e+01
1.176190489682976370e+01
1.201850312326321024e+01
1.227509558792310251e+01
1.253113913468485308e+01
1.278603838262091408e+01
1.303914188939782015e+01
1.328973806067822494e+01
1.353705079642207743e+01
1.378023485264117376e+01
1.401837090409659758e+01
1.425046028773424744e+01
1.447541941230100981e+01
1.469207380982673428e+01
1.489915180878906931e+01
1.509527781411486025e+01
1.527896515593003102e+01
1.544860850068705460e+01
1.560247578371946986e+01
1.573869964898453588e+01
1.585526835374361632e+01
1.595001612318920792e+01
1.602061291496624307e+01
1.606455356371405685e+01
1.607914626444994255e+01
1.606150038051435658e+01
1.600851350463008060e+01
1.591685776414994002e+01
1.578296531521338331e+01
1.560301298290009697e+01
1.537290600127226092e+01
1.508826082225069776e+01
1.474438691244738742e+01
1.433626751637061325e+01
1.385853932195762184e+01
1.330547096298435861e+01
1.267094032232511758e+01
1.194841054221908472e+01
1.113090471732848030e+01
1.021097917289006318e+01
9.180695271881019082e+00
8.031589693520322371e+00
6.754643070737320620e+00
5.340246957978774134e+00
3.778169015362567329e+00
2.057516337913029680e+00
1.666968414467557558e-01
-1.906621367431445391e+00
-4.175552774346672713e+00
-6.654039410196760151e+00
-9.356898163794401313e+00
-1.229987048889243795e+01
-1.549967463951200841e+01
-1.897406052034437707e+01
-2.274186731302936693e+01
-2.682308391117744861e+01
-3.123891239317692126e+01
-3.601183452360113080e+01
-4.116568154456813744e+01
-4.672570727939188373e+01
-5.271866472548411053e+01
-5.917288633181931345e+01
-6.611836793355546149e+01
-7.358685673094016977e+01
-8.161194319463692182e+01
-9.022915730449204830e+01
-9.947606910945572167e+01
-1.093923937692526493e+02
-1.200201014063257929e+02
-1.314035317291244667e+02
-1.435895137567494260e+02
-1.566274907213078507e+02
-1.705696504385796572e+02
-1.854710611671977460e+02
-2.013898133741849961e+02
-2.183871674100556675e+02
-2.365277073621604131e+02
-2.558795013644312633e+02
-2.765142684745744077e+02
-2.985075523061596527e+02
-3.219389018739203721e+02
-3.468920596271453292e+02
-3.734551569357665244e+02
-4.017209174969537457e+02
-4.317868685782439115e+02
-4.637555607696920106e+02
-4.977347960183996634e+02
-5.338378645912513321e+02
-5.721837912826734964e+02
-6.128975906607478237e+02
-6.561105324601112443e+02
-7.019604164304232654e+02
-7.505918581611759919e+02
-8.021565849490635856e+02
-8.568137429871554787e+02
-9.147302160477088364e+02
-9.760809554512588875e+02
-1.041049322656464483e+03
-1.109827444139164299e+03
-1.182616579017764479e+03
-1.259627500519234218e+03
-1.341080890835786704e+03
-1.427207750516219448e+03
-1.518249822814118488e+03
-1.614460032636208325e+03
-1.716102942247090368e+03
-1.823455222988721061e+03
-1.936806143475639146e+03
-2.056458076375085511e+03
-2.182727022605155980e+03
-2.315943154861720814e+03
-2.456451380558699839e+03
-2.604611925177208832e+03
-2.760800936919103606e+03
-2.925411112797246005e+03
-3.098852347998913501e+03
-3.281552408250003737e+03
-3.473957627882659835e+03
-3.676533631842864907e+03
-3.889766086193913907e+03
-4.114161473898703662e+03
-4.350247902024400901e+03
-4.598575936590877063e+03
-4.859719469848632798e+03
-5.134276619823314832e+03
-5.422870663806183074e+03
-5.726151006511303422e+03
-6.044794186038851876e+03
-6.379504917350454889e+03
-6.731017176869778268e+03
-7.100095326880354150e+03
-7.487535286518487737e+03
-7.894165746435083747e+03
-8.320849430736461727e+03
-8.768484410586963349e+03
-9.238005468591154568e+03
-9.730385518862502067e+03
-1.024663708137164576e+04
-1.078781382087552083e+04
-1.135501214289123345e+04
-1.194937285994837475e+04
-1.257208292257550238e+04
-1.322437722538666640e+04
-1.390754048757512646e+04
-1.462290920977872156e+04
-1.537187372036877969e+04
-1.615588030179480666e+04
-1.697643341359921760e+04
-1.783509800985301626e+04
-1.873350195676741714e+04
-1.967333855957586275e+04
-2.065636919828570899e+04
-2.168442608324050525e+04
-2.275941513475043757e+04
-2.388331899014069859e+04
-2.505820015602246713e+04
-2.628620429513713316e+04
-2.756956367868221787e+04
-2.891060079040758865e+04
-3.031173210534797545e+04
-3.177547205243807548e+04
-3.330443716507486533e+04
-3.490135042767081177e+04
-3.656904585284097266e+04
-3.831047326373415854e+04
-4.012870333590090740e+04
-4.202693288115337054e+04
-4.400849040721576603e+04
-4.607684196228226210e+04
-4.823559728569428262e+04
-5.048851628226420144e+04
-5.283951584419621940e+04
-5.529267703311394871e+04
-5.785225265862519882e+04
-6.052267527828199673e+04
-6.330856563446397922e+04
-6.621474156965861039e+04
-6.924622745140438201e+04
-7.240826414624569588e+04
-7.570631955951802956e+04
-7.914609981442485878e+04
-8.273356109005270991e+04
-8.647492218882041925e+04
-9.037667786071352020e+04
-9.444561296162487997e+04
-9.868881750273359648e+04
-1.031137026700094575e+05
-1.077280178679538512e+05
-1.125398688820172683e+05
-1.175577372603058902e+05
-1.227905009932029498e+05
-1.282474566138094815e+05
-1.339383428185696830e+05
-1.398733657916972297e+05
-1.460632262782597390e+05
-1.525191486898377771e+05
-1.592529123146585480e+05
-1.662768848841254658e+05
-1.736040586713632511e+05
-1.812480894234817242e+05
-1.892233383100020583e+05
-1.975449172682570352e+05
-2.062287379745164071e+05
-2.152915649472861260e+05
-2.247510730386809155e+05
-2.346259098873772891e+05
-2.449357638433771499e+05
-2.557014378508921945e+05
-2.669449300967334420e+05
-2.786895220023797010e+05
-2.909598746007456793e+05
-3.037821340154607315e+05
-3.171840473591003683e+05
-3.311950901199289365e+05
-3.458466065424655098e+05
-3.611719646292269463e+05
-3.772067275878716609e+05
-3.939888438527972903e+05
-4.115588583367771353e+05
-4.299601475166846649e+05
-4.492391820454971166e+05
-4.694458205035342253e+05
-4.906336390717509785e+05
-5.128603025438546319e+05
-5.361879828891938087e+05
-5.606838330445782049e+05
-5.864205250218000729e+05
-6.134768628864232451e+05
-6.419384835713219363e+05
-6.718986614011711208e+05
-7.034592348445648095e+05
-7.367316788502285490e+05
-7.718383512793174013e+05
