2.030816181642943409e-09
2.051846026159174180e-09
2.115355890176339724e-09
2.250031716204641968e-09
2.440233570451508203e-09
2.447873459152146337e-09
2.521396202578690093e-09
2.660009101491478115e-09
2.626815875520340613e-09
2.658203212666933498e-09
2.765204287305249679e-09
2.950568455733346816e-09
2.969752887521245200e-09
3.064854813820038296e-09
3.251052093599179335e-09
3.272679016034248911e-09
3.381492640768844783e-09
3.594816221745293102e-09
3.642412815030024036e-09
3.796181812513240654e-09
3.795687319122740016e-09
3.913724232640489172e-09
4.134887320421030415e-09
4.224344650786076506e-09
4.427717524811338844e-09
4.509058014634109154e-09
4.707680466371713118e-09
4.787810591042526099e-09
5.004870072449620532e-09
5.109932919661619988e-09
5.355286878927748705e-09
5.501781028959146472e-09
5.799863032363896408e-09
6.004739148308107342e-09
6.118732185403385521e-09
6.402129490880322107e-09
6.610247013939846489e-09
6.743174016512446178e-09
7.066343285458745967e-09
7.332425774645446792e-09
7.540395193907730682e-09
7.697476430599874891e-09
7.820952770634629198e-09
8.161946004040032719e-09
8.477129216641889808e-09
8.775135724723178877e-09
9.060659773275425563e-09
9.342987711764689487e-09
9.628364322658523999e-09
9.931254035609582368e-09
1.025502926407569911e-08
1.061025733284865702e-08
1.100542900557432321e-08
1.120057335023628679e-08
1.170499163465868757e-08
1.202977938637737095e-08
1.243386193101452960e-08
1.293224792954877997e-08
1.327890885109615581e-08
1.374283508117528973e-08
1.408194382153170185e-08
1.455915475818437188e-08
1.518998814288111264e-08
1.573255524435101551e-08
1.620264143559897935e-08
1.661076696795751535e-08
1.722785712363168943e-08
1.781830547935659368e-08
1.839535188878519605e-08
1.897311017313567438e-08
1.957102300209892224e-08
2.020379017260433671e-08
2.088989689800489893e-08
2.165005305655203130e-08
2.224947290183841200e-08
2.296058895484240473e-08
2.379944726893166417e-08
2.453829891327158229e-08
2.545125417787506501e-08
2.630806790645761693e-08
2.713080822411482117e-08
2.794254112439499401e-08
2.876984823307375812e-08
2.988818276593411634e-08
3.082243832429323786e-08
3.184682356391956347e-08
3.274208298215442494e-08
3.403611230611191404e-08
3.500605775894108819e-08
3.618579650532036636e-08
3.735499856874627976e-08
3.854718136026463484e-08
3.979337183863420549e-08
4.113238961799671624e-08
4.259636965973327142e-08
4.397311614731819696e-08
4.530017637932641256e-08
4.687027708747126053e-08
4.846997900545603022e-08
4.989084664215656569e-08
5.168140344641920966e-08
5.338409942031421783e-08
5.504146787400737615e-08
5.695721742126495891e-08
5.867535126609455040e-08
6.075096604389680247e-08
6.273563556948068464e-08
6.468093369908193110e-08
6.689708516742738849e-08
6.894039467172664803e-08
7.137151085053608503e-08
7.349972421417471039e-08
7.614323116208134245e-08
7.861519510656418160e-08
8.098162924233772201e-08
8.381920450272415558e-08
8.644444028209162850e-08
8.943626970397692148e-08
9.237105453265566081e-08
9.532794700832573632e-08
9.839098479655456694e-08
1.016460127839345377e-07
1.049290463666798027e-07
1.083333684815341338e-07
1.119533323202445193e-07
1.156349266340407281e-07
1.194795303287345961e-07
1.233391093742897925e-07
1.273212081882611384e-07
1.315390877265985954e-07
1.358550405879824331e-07
1.403856970331460767e-07
1.450064383019023109e-07
1.495879218574745148e-07
1.545161424911172642e-07
1.596725770112330373e-07
1.649443017462561480e-07
1.702257558038439182e-07
1.759167664652729193e-07
1.816675306545967214e-07
1.876372250433085003e-07
1.937370770859323902e-07
2.001381461705113739e-07
2.067626141005919249e-07
2.135387871132841307e-07
2.204020362390298543e-07
2.277986584764966018e-07
2.351702855826459948e-07
2.429751423515354839e-07
2.509213817895340807e-07
2.592289759359581322e-07
2.676221644867468729e-07
2.763316098186702080e-07
2.853502653445916436e-07
2.949261655461356825e-07
3.045626601449149855e-07
3.145244127641176896e-07
3.248356608954388374e-07
3.355281693648350529e-07
3.463940915354569968e-07
3.577316393051225269e-07
3.696047501930671839e-07
3.815813775769011951e-07
3.942462104177660623e-07
4.071878491307766604e-07
4.205103973312251490e-07
4.343315921683584954e-07
4.485261378660029611e-07
4.632336171890486923e-07
4.783573803776170572e-07
4.940614042389724815e-07
5.102768116440518377e-07
5.269440715401565927e-07
5.442718232538397713e-07
5.622337640388028652e-07
5.805668336548492875e-07
5.995231970507482992e-07
6.191271065973508185e-07
6.396661851059672509e-07
6.604416390642165518e-07
6.822814748667345554e-07
7.045251268701595649e-07
7.277871881075981166e-07
7.514453568104084180e-07
7.761559664009746118e-07
8.015911080506292924e-07
8.279485122636664816e-07
8.551966218214477940e-07
8.830740025027703727e-07
9.121031623403767523e-07
9.420739487170449342e-07
9.728022593933814413e-07
1.004887298566196195e-06
1.037696331692456171e-06
1.071884682555768575e-06
1.106878496390742300e-06
1.143144536886218698e-06
1.180671692756121106e-06
1.219487168403226402e-06
1.259396474275737900e-06
1.300747510057548971e-06
1.343417298091274140e-06
1.387572711306933894e-06
1.432917955848863904e-06
1.479948451588178309e-06
1.528447508977227011e-06
1.578495067352650103e-06
1.630460373426270422e-06
1.683756810824946252e-06
1.739100885806828035e-06
1.795998459619814305e-06
1.855013092963986259e-06
1.915751803683794572e-06
1.978630585405739245e-06
2.043616812851064620e-06
2.110484228410329356e-06
2.179816662710625446e-06
2.251255183063449226e-06
2.325005357149942650e-06
2.401338031693938716e-06
2.480086529436220622e-06
2.561402548611663751e-06
2.645513121244464266e-06
2.732215398134449142e-06
2.821879983344061771e-06
2.914457501072522220e-06
3.009979110964352316e-06
3.108555440686282094e-06
3.210641913371487594e-06
3.315770416831502093e-06
3.424573379509150546e-06
3.537025333801935292e-06
3.652942359029733212e-06
3.772750790256886999e-06
3.896474864337613957e-06
4.024247975996459313e-06
4.156063411589522489e-06
4.292533835338436255e-06
4.433131097349420150e-06
4.578710537888168565e-06
4.728741535646119842e-06
4.883834708116317797e-06
5.043978759291220976e-06
5.209555689030624208e-06
5.380335307923305973e-06
5.556741885182047592e-06
5.738849357096658540e-06
5.927141618083138356e-06
6.121514899783301034e-06
6.322285335338040970e-06
6.529692601460041466e-06
6.743905243104966431e-06
6.965028621208118298e-06
7.193362048837646973e-06
7.429150126787955453e-06
7.672845677968027404e-06
7.924610745449540524e-06
8.184324475692947160e-06
8.452846245185816716e-06
8.730012660398326594e-06
9.016406213484331073e-06
9.312105605842486142e-06
9.617445245359483469e-06
9.932777132401083290e-06
1.025847607755831208e-05
1.059494993895769915e-05
1.094239747828331219e-05
1.130132112975970173e-05
1.167203377898452729e-05
1.205466802288676494e-05
1.244994377762005765e-05
1.285842155304210700e-05
1.328001543416250474e-05
1.371550561214923010e-05
1.416530355050952938e-05
1.462995763677980115e-05
1.510967105426417578e-05
1.560506194253749842e-05
1.611693660821992579e-05
1.664553372301210300e-05
1.719130745586194294e-05
1.775518815083576769e-05
1.833733865695946408e-05
1.893868437859413042e-05
1.955992127580247892e-05
2.020128039633683754e-05
2.086380338154790868e-05
2.154810858709967748e-05
2.225465269413654876e-05
2.298451223272543906e-05
2.373839604852398525e-05
2.451691463425059066e-05
2.532085502320427820e-05
2.615120623020100469e-05
2.700892453172219556e-05
2.789471153663882066e-05
2.880928693136852514e-05
2.975416970818091554e-05
3.072994416279252830e-05
3.173779365431515098e-05
3.277852518532576703e-05
3.385360225706303004e-05
3.496366726891100065e-05
3.611033406718420564e-05
3.729470658765740175e-05
3.851766502525242702e-05
3.978090839601322484e-05
4.108547594685050462e-05
4.243279398935003279e-05
4.382445781413317384e-05
4.526151836393060889e-05
4.674603145855653341e-05
4.827882951042334350e-05
4.986234366395407672e-05
5.149736029111304350e-05
5.318635254365553899e-05
5.493049808821400220e-05
5.673199462096316234e-05
5.859235332445522138e-05
6.051395219669803067e-05
6.249858561422751775e-05
6.454801905553525911e-05
6.666480344433994582e-05
6.885107386770226046e-05
7.110911528435923416e-05
7.344117134654284734e-05
7.584951142660381000e-05
7.833699902752509748e-05
8.090615411644665623e-05
8.355947660000684655e-05
8.629952251008335894e-05
8.912972993172833488e-05
9.205273915568055652e-05
9.507148005471360332e-05
9.818950805495673859e-05
1.014095785309147477e-04
1.047352467931083079e-04
1.081699574270321873e-04
1.117173860826716256e-04
1.153810370217167727e-04
1.191648471637679418e-04
1.230727910090333426e-04
1.271089834423037108e-04
1.312775445898202171e-04
1.355827131523908234e-04
1.400289696359736133e-04
1.446211518137804561e-04
1.493638359112994753e-04
1.542622203243702742e-04
1.593212505256944565e-04
1.645460168847514973e-04
1.699421470999280706e-04
1.755154578196550731e-04
1.812713482632087646e-04
1.872159701573497623e-04
1.933556364326061681e-04
1.996964899217519508e-04
2.062454328998089375e-04
2.130090483484553456e-04
2.199945488721356162e-04
2.272092090393867654e-04
2.346603166730908867e-04
2.423558829056064875e-04
2.503038499308469535e-04
2.585123095005074380e-04
2.669899843014885972e-04
2.757457059206351352e-04
2.847886612259163176e-04
2.941278841655930467e-04
3.037735241427110249e-04
3.137356069610309594e-04
3.240243011380121636e-04
3.346504657535295238e-04
3.456249326551303681e-04
3.569593187623740357e-04
3.686655792589553721e-04
3.807555831161921959e-04
3.932419492366240484e-04
4.061378899042362295e-04
4.194568134034842876e-04
4.332124464154765643e-04
4.474192065805981749e-04
4.620918487275066009e-04
4.772456199512987952e-04
4.928961730697970379e-04
5.090602579856857469e-04
5.257541507694483800e-04
5.429956308543266779e-04
5.608024461977376141e-04
5.791930585740462031e-04
5.981868985749022117e-04
6.178036401931933730e-04
6.380634907442272845e-04
6.589877524372680755e-04
6.805983970652471418e-04
7.029174078171127136e-04
7.259684047572379385e-04
7.497752726141447424e-04
7.743630660908394246e-04
7.997566928496331259e-04
8.259833651040321542e-04
8.530698120136777883e-04
8.810447932683431469e-04
9.099368499789511249e-04
9.397763726284180533e-04
9.705941558002511432e-04
1.002422763894283324e-03
1.035294889781273805e-03
1.069245032513007178e-03
1.104308416701803948e-03
1.140521466040952600e-03
1.177922053188640425e-03
1.216549028514719811e-03
1.256442535705339222e-03
1.297644109789570805e-03
1.340196567407433851e-03
1.384144428674830354e-03
1.429533376911761109e-03
1.476410512208586575e-03
1.524824642394405393e-03
1.574826369808007874e-03
1.626467468790567276e-03
1.679801807647900245e-03
1.734884827818234223e-03
1.791774051084200556e-03
1.850528405499705801e-03
1.911209093323592428e-03
1.973879516111628693e-03
2.038604750391828820e-03
2.105452081452222415e-03
2.174491101416537678e-03
2.245793607899791103e-03
2.319433824743134982e-03
2.395488428519528326e-03
2.474036647739950422e-03
2.555159927514728639e-03
2.638942668240613475e-03
2.725472539477516529e-03
2.814838851188258828e-03
2.907135291864736300e-03
3.002457198435872377e-03
3.100904205673389157e-03
3.202578699512434717e-03
3.307586118425518036e-03
3.416036112075634696e-03
3.528041017209954805e-03
3.643717706813791399e-03
3.763186276488369487e-03
3.886570833633435501e-03
4.014000165690833656e-03
4.145606484216269108e-03
4.281526567404787126e-03
4.421902004476881663e-03
4.566878567772401053e-03
4.716606958324741534e-03
4.871242939429127825e-03
5.030947347141715570e-03
5.195885996296633648e-03
5.366230482661714894e-03
5.542157620263907757e-03
5.723850809986923832e-03
5.911498279614087366e-03
6.105295279934560941e-03
6.305443418104754796e-03
6.512150426800944816e-03
6.725630866682443497e-03
6.946107023222190639e-03
7.173807471872697961e-03
7.408969123171956633e-03
7.651835947359604886e-03
7.902660429375374385e-03
8.161702987923676739e-03
8.429232363129772823e-03
8.705526757931432782e-03
8.990872694064858117e-03
9.285566394814141755e-03
9.589914162326820118e-03
9.904231264091175463e-03
1.022884436354236370e-02
1.056409022143699195e-02
1.091031668863238005e-02
1.126788276397186137e-02
1.163715945282131452e-02
1.201852971216170116e-02
1.241238921004935228e-02
1.281914620181169757e-02
1.323922249579735991e-02
1.367305329308539201e-02
1.412108841329253080e-02
1.458379239812976000e-02
1.506164427691997210e-02
1.555513900857367557e-02
1.606478809550287296e-02
1.659111939436440017e-02
1.713467738343117316e-02
1.769602492740086214e-02
1.827574325242551853e-02
1.887443195052576281e-02
1.949271075325052088e-02
2.013121883646366156e-02
2.079061670072163831e-02
2.147158586252539622e-02
2.217483040646090961e-02
2.290107714081525067e-02
2.365107613858444952e-02
2.442560219783165149e-02
2.522545496522801342e-02
2.605146002208184181e-02
2.690447018320359096e-02
2.778536503791681489e-02
2.869505353815415827e-02
2.963447334426296681e-02
3.060459277809406825e-02
3.160641135048114503e-02
3.264096092796815729e-02
3.370930680420176906e-02
3.481254844584608793e-02
3.595182121877704001e-02
3.712829609084315058e-02
3.834318314988113124e-02
3.959773063684459554e-02
4.089322686058807776e-02
4.223100199377493452e-02
4.361242876383079198e-02
4.503892389116798817e-02
4.651195023993184852e-02
4.803301652039716763e-02
4.960368058819793202e-02
5.122555009046865504e-02
5.290028404244509486e-02
5.462959462210152661e-02
5.641524822813460266e-02
5.825906833498301074e-02
6.016293649515198211e-02
6.212879344444324770e-02
6.415864275707280906e-02
6.625455120178413981e-02
6.841865122970876290e-02
7.065314308372994123e-02
7.296029635824034798e-02
7.534245310396285589e-02
7.780202921597216548e-02
8.034151703568499781e-02
8.296348685205721940e-02
8.567059101729110338e-02
8.846556437115561666e-02
9.135122813302526401e-02
9.433049207773053224e-02
9.740635704654374005e-02
1.005819173899980407e-01
1.038603647192059415e-01
1.072449892371179353e-01
1.107391845484343024e-01
1.143464487774378813e-01
1.180703887973256344e-01
1.219147232881060416e-01
1.258832853141647889e-01
1.299800261977582250e-01
1.342090186709626598e-01
1.385744602499366096e-01
1.430806771505447883e-01
1.477321274082171454e-01
1.525334045465480126e-01
1.574892417123882893e-01
1.626045153652118658e-01
1.678842494154196563e-01
1.733336180467616172e-01
1.789579514577523955e-01
1.847627390817233595e-01
1.907536335650141524e-01
1.969364555376001136e-01
2.033171982438447267e-01
2.099020307417457099e-01
2.166973035896334887e-01
2.237095532763438421e-01
2.309455056557127572e-01
2.384120823425861235e-01
2.461164037145678329e-01
2.540657947594262556e-01
2.622677898054038281e-01
2.707301366589423552e-01
2.794608016071647438e-01
2.884679753388636470e-01
2.977600758940910364e-01
3.073457552881104782e-01
3.172339034466016838e-01
3.274336527778741734e-01
3.379543841647542624e-01
3.488057302695217743e-01
3.599975807332500000e-01
3.715400877060913709e-01
3.834436684945994323e-01
3.957190111638398400e-01
4.083770789305274374e-01
4.214291134542353934e-01
4.348866390193115716e-01
4.487614663017289174e-01
4.630656956221658183e-01
4.778117208197457666e-01
4.930122305256239845e-01
5.086802121278097832e-01
5.248289536930133004e-01
5.414720449277212744e-01
5.586233790777831443e-01
5.762971533961278592e-01
5.945078694150657261e-01
6.132703325274031503e-01
6.325996509243337895e-01
6.525112329183402338e-01
6.730207856718737336e-01
6.941443105533554592e-01
7.158980992072924154e-01
7.382987274539076772e-01
7.613630492607225131e-01
7.851081875577320401e-01
8.095515268020090360e-01
8.347107007238622201e-01
8.606035808127151521e-01
8.872482624814305163e-01
9.146630486452470565e-01
9.428664325410029967e-01
9.718770781987656759e-01
1.001713797047262267e+00
1.032395525589127505e+00
1.063941295809829990e+00
1.096370207129618191e+00
1.129701393016206534e+00
1.163953983739667519e+00
1.199147068197787824e+00
1.235299649607302985e+00
1.272430598780922573e+00
1.310558601397219691e+00
1.349702103525004970e+00
1.389879249166454667e+00
1.431107814396670008e+00
1.473405136487834666e+00
1.516788034735487622e+00
1.561272727426600948e+00
1.606874740326530659e+00
1.653608809776694111e+00
1.701488776164933547e+00
1.750527469710405626e+00
1.800736589416810807e+00
1.852126569820485624e+00
1.904706440289499536e+00
1.958483672510938911e+00
2.013464017088061109e+00
2.069651329286502861e+00
2.127047380666979848e+00
2.185651658353023663e+00
2.245461149430724834e+00
2.306470112184259680e+00
2.368669827959597907e+00
2.432048339930016123e+00
2.496590171287562221e+00
2.562276025304386362e+00
2.629082465170782257e+00
2.696981573361114659e+00
2.765940586518968569e+00
2.835921509412893560e+00
2.906880699471178442e+00
2.978768429699230502e+00
3.051528418556252120e+00
3.125097333063160399e+00
3.199404259514690985e+00
3.274370141240460441e+00
3.349907179382981326e+00
3.425918199637529860e+00
3.502295977027642948e+00
3.578922521654398281e+00
3.655668318764287772e+00
3.732391524232433699e+00
3.808937111559233646e+00
3.885135967580171545e+00
3.960803934874742360e+00
4.035740796570179256e+00
4.109729202695143968e+00
4.182533533812686777e+00
4.253898698343287599e+00
4.323548860517122172e+00
4.391186095499303832e+00
4.456488969398101574e+00
4.519111035505985363e+00
4.578679249948096164e+00
4.634792294978496763e+00
4.687018811762500015e+00
4.734895533496879416e+00
4.777925317225306223e+00
4.815575067587076319e+00
4.847273545500227598e+00
4.872409063663860174e+00
4.890327051351659016e+00
4.900327494288736041e+00
4.901662237102621944e+00
4.893532140716175149e+00
4.875084094478875585e+00
4.845407867246954048e+00
4.803532799890660066e+00
4.748424322928785024e+00
4.678980296591944921e+00
4.594027164788607287e+00
4.492315911026184772e+00
4.372517811181343639e+00
4.233219974486341464e+00
4.072920658028327701e+00
3.890024351107860490e+00
3.682836613311306184e+00
3.449558663911700851e+00
3.188281698165832179e+00
2.896980936834656628e+00
2.573509378066479059e+00
2.215591255662909376e+00
1.820815179916952520e+00
1.386626949780601858e+00
9.103220330811498950e-01
3.890376781920218963e-01
-1.802553322372677236e-01
-8.007613181804361657e-01
-1.475868741690882446e+00
-2.209159659605032022e+00
-3.004419618483736176e+00
-3.865647991238442938e+00
-4.797068798924699173e+00
-5.803142011542012035e+00
-6.888575361341497505e+00
-8.058336692914286559e+00
-9.317666859096947363e+00
-1.067209318985212008e+01
-1.212744356575505122e+01
-1.368986110111091747e+01
-1.536581947967472672e+01
-1.716213896052144605e+01
-1.908600307835380150e+01
-2.114497605870970531e+01
-2.334702101130443097e+01
-2.570051886636903404e+01
-2.821428816602022138e+01
-3.089760565666681202e+01
-3.376022778889105780e+01
-3.681241311186856535e+01
-4.006494560543499972e+01
-4.352915901479411076e+01
-4.721696217894096037e+01
-5.114086544049738592e+01
-5.531400811593075417e+01
-5.975018714438110834e+01
-6.446388690790706733e+01
-6.947031025560166029e+01
-7.478541081936603518e+01
-8.042592666885475694e+01
-8.640941530894468769e+01
-9.275429010673069286e+01
-9.947985822142568679e+01
-1.066063600296358658e+02
-1.141550101775719241e+02
-1.221480402622436401e+02
-1.306087432459309525e+02
-1.395615196311847797e+02
-1.490319254910805284e+02
-1.590467224073089199e+02
-1.696339294434756937e+02
-1.808228770991070178e+02
-1.926442634646193994e+02
-2.051302126147976708e+02
-2.183143352222337796e+02
-2.322317916865947893e+02
-2.469193576324206845e+02
-2.624154920949422944e+02
-2.787604082534933809e+02
-2.959961470694550485e+02
-3.141666537225390812e+02
-3.333178571036976336e+02
-3.534977523171388611e+02
-3.747564865305675994e+02
-3.971464480399350805e+02
-4.207223589691192842e+02
-4.455413713149985142e+02
-4.716631670755622281e+02
-4.991500618788883230e+02
-5.280671130500212485e+02
-5.584822314334517159e+02
-5.904662979157448035e+02
-6.240932841954119112e+02
-6.594403784230249812e+02
-6.965881154933483685e+02
-7.356205126371229426e+02
-7.766252098827027339e+02
-8.196936162632291598e+02
-8.649210615385061374e+02
-9.124069536519837129e+02
-9.622549424798493192e+02
-1.014573089572727781e+03
-1.069474044793716303e+03
-1.127075229353071336e+03
-1.187499026205167411e+03
-1.250872977506404595e+03
-1.317329989818476406e+03
-1.387008547161933848e+03
-1.460052932031219825e+03
-1.536613455300391024e+03
-1.616846694315017430e+03
-1.700915740917938137e+03
-1.788990458142964826e+03
-1.881247747382525858e+03
-1.977871825373411639e+03
-2.079054512054497991e+03
-2.184995529159049966e+03
-2.295902810635334845e+03
-2.411992824483147615e+03
-2.533490907413847708e+03
-2.660631611957673158e+03
-2.793659066836335114e+03
-2.932827351460040518e+03
-3.078400884583611969e+03
-3.230654827919252511e+03
-3.389875504940742758e+03
-3.556360836533209749e+03
-3.730420792528076163e+03
-3.912377860648924525e+03
-4.102567534629347392e+03
-4.301338819516974581e+03
-4.509054757585435254e+03
-4.726092974043112008e+03
-4.952846243977061931e+03
-5.189723081235525569e+03
-5.437148350180408670e+03
-5.695563900538366397e+03
-5.965429228212417001e+03
-6.247222160402043301e+03
-6.541439568120398690e+03
-6.848598106239441222e+03
-7.169234983539920904e+03
-7.503908761082086130e+03
-7.853200182621806562e+03
-8.217713039295509589e+03
-8.598075065940636705e+03
-8.994938874583009238e+03
-9.408982923794306771e+03
-9.840912528224303969e+03
-1.029146090578655821e+04
-1.076139026986576209e+04
-1.125149296186062929e+04
-1.176259263359428587e+04
-1.229554547181345151e+04
-1.285124147947480742e+04
-1.343060580073837264e+04
-1.403460010912477082e+04
-1.466422404355599429e+04
-1.532051671127159898e+04
-1.600455824813746403e+04
-1.671747144509620193e+04
-1.746042344195262194e+04
-1.823462749463086948e+04
-1.904134481279017200e+04
-1.988188647840124759e+04
-2.075761544563478310e+04
-2.166994862493663823e+04
-2.262035905658499905e+04
-2.361037818340006925e+04
-2.464159821293489222e+04
-2.571567459424507979e+04
-2.683432859541392827e+04
-2.799934999761762447e+04
-2.921259991625153634e+04
-3.047601373912313647e+04
-3.179160420168169730e+04
-3.316146460907354776e+04
-3.458777219708158373e+04
-3.607279165576511150e+04
-3.761887881448904955e+04
-3.922848450244070409e+04
-4.090415859410223493e+04
-4.264855424588059395e+04
-4.446443234231817041e+04
-4.635466615428178193e+04
-4.832224623289401643e+04
-5.037028554365870514e+04
-5.250202486100140959e+04
-5.472083843111557508e+04
-5.703023993680529384e+04
-5.943388876485201763e+04
-6.193559659611033567e+04
-6.453933435785116308e+04
-6.724923954056968796e+04
-7.006962390740599949e+04
-7.300498164068919141e+04
-7.605999791973741958e+04
-7.923955799530743388e+04
-8.254875677945553616e+04
-8.599290896895386686e+04
-8.957755977496989362e+04
-9.330849628352672153e+04
-9.719175946986860072e+04
-1.012336569833685353e+05
-1.054407766628491081e+05
-1.098200009208702977e+05
-1.143785220357886137e+05
-1.191238583884632826e+05
-1.240638717760550935e+05
-1.292067858385479485e+05
-1.345612057343100023e+05
-1.401361391039859154e+05
-1.459410184851161030e+05
-1.519857253039610514e+05
-1.582806155056868156e+05
-1.648365470542956900e+05
-1.716649094196387159e+05
-1.787776552161959989e+05
-1.861873342370097234e+05
-1.939071300597373338e+05
-2.019508994762914372e+05
-2.103332150244209333e+05
-2.190694109420159948e+05
-2.281756327802616870e+05
-2.376688912176362355e+05
-2.475671203021813999e+05
-2.578892407356692420e+05
-2.686552286390700610e+05
-2.798861904441113002e+05
-2.916044445266280090e+05
-3.038336103878669092e+05
-3.165987061390054878e+05
-3.299262554131957004e+05
-3.438444046488985769e+05
-3.583830520440253313e+05
-3.735739896913640550e+05
-3.894510604250918259e+05
-4.060503312786819879e+05
-4.234102858730112785e+05
-4.415720379664275679e+05
-4.605795694360152120e+05
-4.804799956672580447e+05
-5.013238627507719793e+05
-5.231654806604665937e+05
-5.460632982824034989e+05
-5.700803263671395835e+05
-5.952846162219488760e+05
-6.217498031156694051e+05
-6.495557252454498084e+05
-6.787891311697515193e+05
-7.095444915164625272e+05
-7.419249338520030724e+05
-7.760433239301142748e+05
-8.120235218587665586e+05
-8.500018480947144562e+05
-8.901288031279777642e+05
-9.325710953353331424e+05
-9.775140458027431741e+05
-1.025164457762066857e+06
-1.075754062879859470e+06
-1.129543689116729191e+06
-1.186828340493871598e+06
-1.247943438813559944e+06
-1.313272562410112470e+06
-1.383257135207182728e+06
-1.458408688285135198e+06
-1.539324560780859785e+06
-1.626708269039578270e+06
-1.721396317775635980e+06
-1.824394068177386420e+06
-1.936924608853474027e+06
-2.060496739355090307e+06
-2.197001821180667728e+06
-2.348855607058014255e+06
-2.519212755471266340e+06
-2.712303982064716052e+06
-2.933991159142905846e+06
-3.192735301883461885e+06
-3.501412462119849864e+06
-3.881064896819083951e+06
-4.369761265654117800e+06
-5.048214997866770253e+06
-6.145469089324620552e+06
-9.237147686169745401e+06
nan
nan
nan
nan
nan
nan
nan
nan
nan
nan
nan
nan
nan
nan
nan
nan
nan
nan
nan
nan
nan
nan
nan
nan
nan
nan
