4.809102809250422744e-02
4.966815953267426920e-02
5.129701261352794667e-02
5.297928348579829250e-02
5.471672369366148425e-02
5.651114301359300846e-02
5.836440957107035671e-02
6.027845330476313407e-02
6.225526771806785126e-02
6.429691120474631538e-02
6.640550969742980980e-02
6.858325887608754390e-02
7.083242671573825033e-02
7.315535534101212656e-02
7.555446371741152134e-02
7.803224992084578648e-02
8.059129424403642383e-02
8.323426188229555989e-02
8.596390470826929808e-02
8.878306513491680818e-02
9.169467909148434903e-02
9.470177831387657785e-02
9.780749451722500765e-02
1.010150613971603634e-01
1.043278195090641403e-01
1.077492184898169586e-01
1.112828209044064431e-01
1.149323064546833445e-01
1.187014758243275098e-01
1.225942538719052149e-01
1.266146939737644861e-01
1.307669830082427154e-01
1.350554447031878658e-01
1.394845451480915821e-01
1.440588961936260515e-01
1.487832615068039877e-01
1.536625605329172140e-01
1.587018741197591398e-01
1.639064503149122165e-01
1.692817085753091089e-01
1.748332461711667174e-01
1.805668442574003552e-01
1.864884736581648994e-01
1.926043003236297957e-01
1.989206930110804239e-01
2.054442291719180691e-01
2.121817020453132530e-01
2.191401274896650486e-01
2.263267512908473666e-01
2.337490577152503413e-01
2.414147750401278991e-01
2.493318863765253413e-01
2.575086359692438376e-01
2.659535380353955092e-01
2.746753868969131207e-01
2.836832648781733579e-01
2.929865517698621580e-01
3.025949356086783393e-01
3.125184215021531986e-01
3.227673433238556489e-01
3.333523734557484186e-01
3.442845341700221384e-01
3.555752093557806859e-01
3.672361563774483861e-01
3.792795178231805342e-01
3.917178349040110197e-01
4.045640597643793690e-01
4.178315692284327865e-01
4.315341789817825346e-01
4.456861579640555848e-01
4.603022427320070387e-01
4.753976533098844270e-01
4.909881082875635627e-01
5.070898429622373582e-01
5.237196234718609622e-01
5.408947667861684350e-01
5.586331577283627503e-01
5.769532671094322884e-01
5.958741722236786664e-01
6.154155747018330569e-01
6.355978238088162424e-01
6.564419351196817409e-01
6.779696131626846700e-01
7.002032752886255818e-01
7.231660732573674810e-01
7.468819176026872952e-01
7.713755040527043860e-01
7.966723374836983673e-01
8.227987589928311696e-01
8.497819738378883381e-01
8.776500792688537445e-01
9.064320942947849957e-01
9.361579886523828664e-01
9.668587155276706646e-01
9.985662427898437388e-01
1.031313587299088175e+00
1.065134847266410389e+00
1.100065240549696899e+00
1.136141138556248986e+00
1.173400106392891606e+00
1.211880940222243241e+00
1.251623708933865098e+00
1.292669794857129961e+00
1.335061937876164340e+00
1.378844278421952563e+00
1.424062405459892044e+00
1.470763402203758563e+00
1.518995895398509433e+00
1.568810107472367488e+00
1.620257906314526375e+00
1.673392861311023605e+00
1.728270298615833145e+00
1.784947357514323762e+00
1.843483052181136728e+00
1.903938331124781502e+00
1.966376140900198521e+00
2.030861492656435896e+00
2.097461529336421826e+00
2.166245595086418341e+00
2.237285307429193626e+00
2.310654632899192151e+00
2.386429962467595534e+00
2.464690192645134559e+00
2.545516805861888443e+00
2.628993956787499364e+00
2.715208559416604217e+00
2.804250376864555694e+00
2.896212115510782503e+00
2.991189521598114798e+00
3.089281479969492761e+00
3.190590118021227717e+00
3.295220910979596241e+00
3.403282792659978462e+00
3.514888267733080607e+00
3.630153529686040326e+00
3.749198581632357641e+00
3.872147360291929630e+00
3.999127865715627728e+00
4.130272294272197442e+00
4.265717176374101527e+00
4.405603517732658680e+00
4.550076947247538861e+00
4.699287867221314308e+00
4.853391610503940967e+00
5.012548602583926538e+00
5.176924526726577547e+00
5.346690497973469292e+00
5.522023240591125592e+00
5.703105271119164321e+00
5.890125089681959913e+00
6.083277374126518033e+00
6.282763184005394130e+00
6.488790169033013200e+00
6.701572784337582078e+00
6.921332514706378447e+00
7.148298104217244209e+00
7.382705793224159763e+00
7.624799564959811704e+00
7.874831399432790313e+00
8.133061534060304965e+00
8.399758734932195381e+00
8.675200575687203042e+00
8.959673726752329870e+00
9.253474252003785594e+00
9.556907917213393944e+00
9.870290507602872410e+00
1.019394815577626545e+01
1.052821768063059871e+01
1.087344693645469285e+01
1.122999517525750335e+01
1.159823341906397864e+01
1.197854484611487180e+01
1.237132518674821213e+01
1.277698313678476261e+01
1.319594078013598093e+01
1.362863402682137526e+01
1.407551306619138209e+01
1.453704283431165223e+01
1.501370349513816649e+01
1.550599093880857815e+01
1.601441729849737072e+01
1.653951147771253716e+01
1.708181970241146885e+01
1.764190608533296967e+01
1.822035321103895811e+01
1.881776274106887925e+01
1.943475603575012656e+01
2.007197480064581896e+01
2.073008174842926365e+01
2.140976128804148004e+01
2.211172023300181166e+01
2.283668853259019471e+01
2.358542002878966315e+01
2.435869323583594337e+01
2.515731214650754666e+01
2.598210706495590117e+01
2.683393546452072087e+01
2.771368287681989884e+01
2.862226380399968306e+01
2.956062266787417414e+01
3.052973478685846942e+01
3.153060737893697763e+01
3.256428060862310048e+01
3.363182865879110039e+01
3.473436083842589994e+01
3.587302273147472675e+01
3.704899737742979227e+01
3.826350649260858461e+01
3.951781173040627237e+01
4.081321598350365321e+01
4.215106472544081839e+01
4.353274740082261474e+01
4.495969885138234190e+01
4.643340080100617939e+01
4.795538337608983426e+01
4.952722668413390039e+01
5.115056243486400689e+01
5.282707562637644827e+01
5.455850626800734915e+01
5.634665117658524025e+01
5.819336582127008484e+01
6.010056622252857039e+01
6.207023092771044048e+01
6.410440303615783364e+01
6.620519229131176075e+01
6.837477725466123957e+01
7.061540752171410418e+01
7.292940604014535211e+01
7.531917147918555600e+01
7.778718068579779299e+01
8.033599121312785485e+01
8.296824394316266194e+01
8.568666576947045144e+01
8.849407239341864795e+01
9.139337118918878389e+01
9.438756416109735881e+01
9.747975101928946629e+01
1.006731323112882563e+02
1.039710127021238009e+02
1.073768043068965881e+02
1.108940301802463466e+02
1.145263278777883329e+02
1.182774531437573557e+02
1.221512837247617682e+02
1.261518232870446212e+02
1.302832054776813493e+02
1.345496980901932886e+02
1.389557073680851715e+02
1.435057824723932072e+02
1.482046200442468944e+02
1.530570689419423331e+02
1.580681351214960557e+02
1.632429866500278024e+02
1.685869589110327809e+02
1.741055599308855619e+02
1.798044759210800123e+02
1.856895769403369911e+02
1.917669227699971088e+02
1.980427689499845769e+02
2.045235730157099283e+02
2.112160009366377551e+02
2.181269337133683450e+02
2.252634742219275950e+02
2.326329542431301149e+02
2.402429417158318188e+02
2.481012482361530829e+02
2.562159367086419479e+02
2.645953293323840398e+02
2.732480157735232638e+02
2.821828615603783419e+02
2.914090168184916365e+02
3.009359251745838151e+02
3.107733329933291202e+02
3.209312988553696755e+02
3.314202033693458134e+02
3.422507591930309445e+02
3.534340214348569020e+02
3.649813983281295577e+02
3.769046622361656205e+02
3.892159609466728512e+02
4.019278293457875293e+02
4.150532013998674188e+02
4.286054225293645459e+02
4.425982622857082447e+02
4.570459274446556037e+02
4.719630754494697271e+02
4.873648282749865643e+02
5.032667866105754797e+02
5.196850446060974491e+02
5.366362048451017017e+02
5.541373938673876864e+02
5.722062780938263131e+02
5.908610802141247405e+02
6.101205959958599578e+02
6.300042115934098774e+02
6.505319213274898402e+02
6.717243459435012483e+02
6.936027513552652408e+02
7.161890679804622550e+02
7.395059104363274400e+02
7.635765979335170641e+02
7.884251751158312800e+02
8.140764334720111037e+02
8.405559333252786018e+02
8.678900263471218750e+02
8.961058787158526684e+02
9.252314947781156889e+02
9.552957414738432362e+02
9.863283731639781990e+02
1.018360057296939317e+03
1.051422400440105093e+03
1.085547975254169160e+03
1.120770347833356709e+03
1.157124106013573737e+03
1.194644887948425776e+03
1.233369411745394927e+03
1.273335505516209878e+03
1.314582138216314888e+03
1.357149451205383457e+03
1.401078790521352175e+03
1.446412739568969528e+03
1.493195153096290596e+03
1.541471191168470568e+03
1.591287354480770318e+03
1.642691520021959150e+03
1.695732977617402412e+03
1.750462466960372694e+03
1.806932215690847670e+03
1.865195977942064928e+03
1.925309073677724882e+03
1.987328428779665728e+03
2.051312615641806133e+03
2.117321894641274412e+03
2.185418256346172257e+03
2.255665464205879289e+03
2.328129097945756257e+03
2.402876597688364654e+03
2.479977308719034681e+03
2.559502526719317302e+03
2.641525543838850353e+03
2.726121695026038651e+03
2.813368405258192070e+03
2.903345237105401338e+03
2.996133938623650010e+03
3.091818492330010031e+03
3.190485163997341715e+03
3.292222552224989613e+03
3.397121638003739008e+03
3.505275835294915396e+03
3.616781041533500229e+03
3.731735687733626037e+03
3.850240790637141345e+03
3.972400002647189012e+03
4.098319664304322941e+03
4.228108854626907487e+03
4.361879443518224434e+03
4.499746142536013394e+03
4.641826556574105780e+03
4.788241234886556413e+03
4.939113722215991402e+03
5.094570609622444863e+03
5.254741584990173578e+03
5.419759482783080784e+03
5.589760334219728975e+03
5.764883415793196036e+03
5.945271298547520018e+03
6.131069895128097414e+03
6.322428507646723119e+03
6.519499873976737035e+03
6.722440212534248531e+03
6.931409267562747118e+03
7.146570352883691157e+03
7.368090393638969545e+03
7.596139967508873269e+03
7.830893345767557548e+03
8.072528531138955259e+03
8.321227295280317776e+03
8.577175214755085108e+03
8.840561705967307716e+03
9.111580056781755047e+03
9.390427458916627074e+03
9.677305036231075064e+03
9.972417873508511548e+03
1.027597504158095035e+04
1.058818962147970524e+04
1.090927872561033837e+04
1.123946351995863370e+04
1.157896923932492609e+04
1.192802520499047750e+04
1.228686483885455891e+04
1.265572567291365522e+04
1.303484936188382562e+04
1.342448168785794223e+04
1.382487256738425094e+04
1.423627605262486759e+04
1.465895033422291090e+04
1.509315773835783330e+04
1.553916472397524922e+04
1.599724187631810673e+04
1.646766389947533753e+04
1.695070960664682570e+04
1.744666190701835512e+04
1.795580779273017833e+04
1.847843832117837519e+04
1.901484859930224775e+04
1.956533776012742965e+04
2.013020894347659851e+04
2.070976927200830687e+04
2.130432982446262031e+04
2.191420560879892582e+04
2.253971553531295649e+04
2.318118238394454966e+04
2.383893277564080927e+04
2.451329713671975696e+04
2.520460966655639277e+04
2.591320830245979596e+04
2.663943468102888801e+04
2.738363410633409512e+04
2.814615550702464316e+04
2.892735139807390806e+04
2.972757784608734437e+04
3.054719442298201830e+04
3.138656417237213464e+04
3.224605356340992148e+04
3.312603245461068582e+04
3.402687404867119039e+04
3.494895485526150878e+04
3.589265464820407215e+04
3.685835642601860309e+04
3.784644637000640068e+04
3.885731380439390341e+04
3.989135115927299921e+04
4.094895392547607480e+04
4.203052062190324068e+04
4.313645275301406218e+04
4.426715477267398819e+04
4.542303404969823896e+04
4.660450082512576773e+04
4.781196818394117145e+04
4.904585201554850937e+04
5.030657098295287142e+04
5.159454648507687671e+04
5.291020263201264606e+04
5.425396620649492979e+04
5.562626663519981230e+04
5.702753596398985246e+04
5.845820882273964526e+04
5.991872239719709614e+04
6.140951640586672875e+04
6.293103307582494017e+04
6.448371710669875029e+04
6.606801565624325303e+04
6.768437830589305668e+04
6.933325704449813929e+04
7.101510624639769958e+04
7.273038263631287555e+04
7.447954528333061899e+04
7.626305556084048294e+04
7.808137714120776218e+04
7.993497596145419811e+04
8.182432020500984800e+04
8.374988028639250842e+04
8.571212881496406044e+04
8.771154059015971143e+04
8.974859255842727725e+04
9.182376381575450068e+04
9.393753555314888945e+04
9.609039106347280904e+04
9.828281569632487663e+04
1.005152968400219979e+05
1.027883238882761216e+05
1.051023882237874932e+05
1.074579831843339343e+05
1.098556040266752098e+05
1.122957479031435068e+05
1.147789138309784903e+05
1.173056026479412394e+05
1.198763169853299478e+05
1.224915612294236780e+05
1.251518414702586306e+05
1.278576654866824101e+05
1.306095426683797414e+05
1.334079840011594351e+05
1.362535020049170125e+05
1.391466106736553193e+05
1.420878254554612504e+05
1.450776631561612012e+05
1.481166419166940905e+05
1.512052811298680026e+05
1.543441013945424929e+05
1.575336244360413111e+05
1.607743730440650252e+05
1.640668710085948114e+05
1.674116430327922571e+05
1.708092146663438471e+05
1.742601122161720414e+05
1.777648626673712279e+05
1.813239936154593306e+05
1.849380331271399045e+05
1.886075097123639134e+05
1.923329521832868049e+05
1.961148895611619519e+05
1.999538509963511024e+05
2.038503656342527247e+05
2.078049625411445741e+05
2.118181705528454913e+05
2.158905181983250950e+05
2.200225335525496048e+05
2.242147441257552418e+05
2.284676767498404370e+05
2.327818574423321115e+05
2.371578112796995556e+05
2.415960622467638750e+05
2.460971331302106846e+05
2.506615453570049140e+05
2.552898188820702781e+05
2.599824720070623443e+05
2.647400212479594629e+05
2.695629812029754976e+05
2.744518643773382646e+05
2.794071810532769887e+05
2.844294391131002922e+05
2.895191438787376974e+05
2.946767979765890050e+05
2.999029011486234958e+05
3.051979501036152360e+05
3.105624383486713050e+05
3.159968560143853538e+05
3.215016896958221332e+05
3.270774222672998440e+05
3.327245327254690928e+05
3.384434960135624860e+05
3.442347828345582238e+05
3.500988594836833072e+05
3.560361876787883230e+05
3.620472243854463450e+05
3.681324215990607045e+05
3.742922262285575271e+05
3.805270798867885023e+05
3.868374186933353194e+05
3.932236731262231478e+05
3.996862678406958585e+05
4.062256214427005616e+05
4.128421463980044355e+05
4.195362487815425848e+05
4.263083281099526794e+05
4.331587771923341788e+05
4.400879819347303128e+05
4.470963211812998052e+05
4.541841664974809974e+05
4.613518820393467904e+05
4.685998243861260125e+05
4.759283423207830056e+05
4.833377767092185095e+05
4.908284603184984880e+05
4.984007176236251835e+05
5.060548646860651206e+05
5.137912089780831011e+05
5.216100491899999324e+05
5.295116751089954050e+05
5.374963674612066243e+05
5.455643977550510317e+05
5.537160280927013373e+05
5.619515111171349417e+05
5.702710897148837103e+05
5.786749970378950238e+05
5.871634562742534326e+05
5.957366804803136038e+05
6.043948725388195598e+05
6.131382249732327182e+05
6.219669197988533415e+05
6.308811284598838538e+05
6.398810116511393571e+05
6.489667192326490767e+05
6.581383901227309834e+05
6.673961521348911338e+05
6.767401219466805924e+05
6.861704049329364207e+05
6.956870950690875761e+05
7.052902749138225336e+05
7.149800153893963434e+05
7.247563757935914909e+05
7.346194036497039488e+05
7.445691347088894108e+05
7.546055927242793841e+05
7.647287895559119061e+05
7.749387249571486609e+05
7.852353865282894112e+05
7.956187497587065445e+05
8.060887778209736571e+05
8.166454215680565685e+05
8.272886195244309492e+05
8.380182977772782324e+05
8.488343699138902593e+05
8.597367370230011875e+05
8.707252876168383518e+05
8.817998976054833038e+05
8.929604302365116309e+05
9.042067360749297077e+05
9.155386529547655955e+05
9.269560058926597703e+05
9.384586072137833107e+05
9.500462562832265394e+05
9.617187397044019308e+05
9.734758311568460194e+05
9.853172913371082395e+05
9.972428680061703781e+05
1.009252295987650403e+06
1.021345296964589041e+06
1.033521579693833599e+06
1.045780839733890956e+06
1.058122759534222540e+06
1.070547008405366214e+06
1.083053242380828131e+06
1.095641104322872590e+06
1.108310223702153424e+06
1.121060216707590735e+06
1.133890686061816756e+06
1.146801221019904828e+06
1.159791397369152401e+06
1.172860777191227535e+06
1.186008908983748639e+06
1.199235327408142621e+06
1.212539553321738262e+06
1.225921093623420922e+06
1.239379441108461004e+06
1.252914074504234130e+06
1.266524458169456106e+06
1.280210042048338102e+06
1.293970261606204556e+06
1.307804537489925278e+06
1.321712275475848699e+06
1.335692866415887605e+06
1.349745685762074310e+06
1.363870093596825376e+06
1.378065434344627196e+06
1.392331036540786270e+06
1.406666212572236313e+06
1.421070258459595963e+06
1.435542453482075362e+06
1.450082060046704952e+06
1.464688323175204219e+06
1.479360470393665833e+06
1.494097711126327515e+06
1.508899236583559774e+06
1.523764219112143386e+06
1.538691812066937331e+06
1.553681149102211464e+06
1.568731343794353539e+06
1.583841489219738869e+06
1.599010657388696214e+06
1.614237898736316012e+06
1.629522241458068835e+06
1.644862691030598246e+06
1.660258229378414806e+06
1.675707814555497374e+06
1.691210379700975493e+06
1.706764832474564901e+06
1.722370054186940426e+06
1.738024899199046660e+06
1.753728193847993622e+06
1.769478735675799660e+06
1.785275292407797650e+06
1.801116601068114163e+06
1.817001366999494145e+06
1.832928262660918990e+06
1.848895926563052693e+06
1.864902962061916245e+06
1.880947936262689298e+06
1.897029378540115897e+06
1.913145779334646184e+06
1.929295588715874357e+06
1.945477214831937104e+06
1.961689022375929169e+06
1.977929331061992096e+06
1.994196413864675676e+06
2.010488495266505517e+06
2.026803749346451368e+06
2.043140297747674398e+06
2.059496208065942395e+06
2.075869491028980352e+06
2.092258098938658601e+06
2.108659922882223502e+06
2.125072790322095621e+06
2.141494462758549489e+06
2.157922632727995049e+06
2.174354921195751056e+06
2.190788874465732835e+06
2.207221960972018540e+06
2.223651568136980757e+06
2.240074998944551684e+06
2.256489468100794591e+06
2.272892098421131261e+06
2.289279916757168248e+06
2.305649849775591865e+06
2.321998719451489858e+06
2.338323238504000474e+06
2.354620005299430341e+06
2.370885498874374665e+06
2.387116073254696093e+06
2.403307951751618646e+06
2.419457220807767939e+06
2.435559823648866266e+06
2.451611553196302149e+06
2.467608045153229032e+06
2.483544770125096198e+06
2.499417025602460839e+06
2.515219927396259271e+06
2.530948400471316185e+06
2.546597169282237533e+06
2.562160747422688641e+06
2.577633426875031553e+06
2.593009266347903758e+06
2.608282078550606035e+06
2.623445417630721815e+06
2.638492564516383223e+06
2.653416512224819046e+06
2.668209949672481511e+06
2.682865244620039128e+06
2.697374425158537924e+06
2.711729160060892813e+06
2.725920737814191729e+06
2.739940043670848012e+06
2.753777535547672305e+06
2.767423217447481118e+06
2.780866611532045063e+06
2.794096727610832546e+06
2.807102029907461256e+06
2.819870401778820902e+06
2.832389107106174808e+06
2.844644748538476415e+06
2.856623222145729698e+06
2.868309668070184067e+06
2.879688417020304594e+06
2.890742931641798001e+06
2.901455742862342857e+06
2.911808379811568186e+06
2.921781293535001110e+06
2.931353772707657423e+06
2.940503851920531597e+06
2.949208209210676607e+06
2.957442054599710740e+06
2.965179005590557121e+06
2.972390949787946418e+06
2.979047892371049616e+06
2.985117785835613962e+06
2.990566340880928561e+06
2.995356813763212878e+06
2.999449768999802414e+06
3.002802811728476081e+06
3.005370286139053293e+06
3.007102934634915087e+06
3.007947510830137413e+06
3.007846339158302639e+06
3.006736811546539422e+06
3.004550811105111148e+06
3.001214047758537810e+06
2.996645291538150981e+06
2.990755481907804497e+06
2.983446689542131033e+06
2.974610899596781004e+06
2.964128578771402128e+06
2.951866977432025596e+06
2.937678106968425680e+06
2.921396313370931894e+06
2.902835347419134807e+06
2.881784799618283752e+06
2.858005728109654970e+06
2.831225247602636460e+06
2.801129770692439750e+06
2.767356474685450550e+06
2.729482404766691849e+06
2.687010380026249215e+06
2.639350505148984957e+06
2.585795531510626432e+06
2.525487434802242089e+06
2.457371155025559943e+06
2.380129080215647351e+06
2.292085762302662712e+06
2.191064976422552019e+06
2.074167270442167297e+06
1.937408134849575115e+06
1.775096612224778393e+06
1.578692487576119369e+06
1.334507974461804144e+06
1.018483910508995410e+06
5.819753566315148491e+05
-1.004747537319142575e+05
-1.612609805648250505e+06
nan
nan
nan
nan
nan
nan
nan
nan
nan
nan
nan
nan
nan
nan
nan
nan
nan
nan
nan
nan
nan
nan
nan
nan
nan
nan
nan
nan
nan
nan
nan
nan
nan
nan
nan
nan
nan
nan
nan
nan
nan
nan
nan
nan
nan
nan
nan
nan
nan
nan
nan
nan
nan
nan
nan
nan
nan
nan
nan
nan
nan
nan
nan
nan
nan
nan
nan
nan
nan
nan
nan
nan
nan
nan
nan
nan
nan
nan
nan
nan
nan
nan
nan
nan
nan
nan
nan
nan
nan
nan
nan
nan
nan
nan
nan
nan
nan
nan
nan
nan
nan
nan
nan
nan
nan
nan
nan
nan
nan
nan
nan
nan
nan
nan
nan
nan
nan
nan
nan
nan
nan
nan
nan
nan
nan
nan
nan
nan
nan
nan
nan
nan
nan
nan
nan
nan
nan
nan
nan
nan
nan
nan
nan
nan
nan
nan
nan
nan
nan
nan
nan
nan
nan
nan
nan
nan
nan
nan
nan
nan
nan
nan
nan
nan
nan
nan
nan
nan
nan
nan
nan
nan
nan
nan
nan
nan
nan
nan
nan
nan
nan
nan
nan
nan
nan
nan
nan
nan
nan
nan
nan
nan
nan
nan
nan
nan
nan
nan
nan
nan
nan
nan
nan
nan
nan
nan
nan
nan
nan
nan
nan
