1.388976195976518967e-02
1.434527282707107228e-02
1.481572228642946513e-02
1.530159968769295893e-02
1.580341146292440352e-02
1.632168013492601988e-02
1.685694512478938881e-02
1.740976405925177828e-02
1.798071260405019467e-02
1.857038505733392755e-02
1.917939572911366714e-02
1.980837857006985045e-02
2.045798909717113506e-02
2.112890305020504247e-02
2.182181963036310471e-02
2.253746019720311369e-02
2.327657004137693303e-02
2.403991864775253257e-02
2.482830125858397768e-02
2.564253844078192082e-02
2.648347844758801306e-02
2.735199660140634134e-02
2.824899770345783850e-02
2.917541573073486466e-02
3.013221530209882898e-02
3.112039294014789723e-02
3.214097760381218888e-02
3.319503201516699198e-02
3.428365376161526812e-02
3.540797644447694209e-02
3.656917110573123381e-02
3.776844695464535995e-02
3.900705236114331703e-02
4.028627767945437005e-02
4.160745482381657950e-02
4.297195941405879127e-02
4.438121270900050735e-02
4.583668183314594524e-02
4.733988281166408296e-02
4.889238063823572039e-02
5.049579242043607252e-02
5.215178729969440624e-02
5.386209020302792222e-02
5.562848213198227226e-02
5.745280201332001596e-02
5.933695013493780340e-02
6.128288809749399269e-02
6.329264263521491851e-02
6.536830645713290200e-02
6.751204093390819616e-02
6.972607860475597830e-02
7.201272474578711280e-02
7.437436077521195066e-02
7.681344598360009823e-02
7.933252034618099024e-02
8.193420666286577170e-02
8.462121455459635511e-02
8.739634202206331137e-02
9.026247861631600533e-02
9.322260945273955213e-02
9.627981681071376419e-02
9.943728410515755012e-02
1.026982994468037397e-01
1.060662588192128886e-01
1.095446691163563246e-01
1.131371527955568057e-01
1.168474506537792168e-01
1.206794264681744916e-01
1.246370705301851067e-01
1.287245040455837486e-01
1.329459836795915673e-01
1.373059049903324336e-01
1.418088085134487641e-01
1.464593827287208327e-01
1.512624712172688513e-01
1.562230749284529430e-01
1.613463596624966634e-01
1.666376606955670414e-01
1.721024878296937288e-01
1.777465318930676053e-01
1.835756701618729281e-01
1.895959724869954732e-01
1.958137083627176922e-01
2.022353522112280977e-01
2.088675913796884664e-01
2.157173318459317535e-01
2.227917069284435780e-01
2.300980829495478663e-01
2.376440681731076254e-01
2.454375209804842972e-01
2.534865562881526424e-01
2.617995562769147022e-01
2.703851773561101735e-01
2.792523596836431476e-01
2.884103372358094441e-01
2.978686461718770828e-01
3.076371357647758042e-01
3.177259784192072445e-01
3.281456792555643154e-01
3.389070893231294068e-01
3.500214138773704020e-01
3.615002270773946536e-01
3.733554820251997475e-01
3.855995234751876666e-01
3.982451016912752495e-01
4.113053844789860691e-01
4.247939719011327719e-01
4.387249096949926153e-01
4.531127044038833485e-01
4.679723382386599684e-01
4.833192849310485872e-01
4.991695251034606873e-01
5.155395639188270485e-01
5.324464475158906529e-01
5.499077815226772747e-01
5.679417481359945175e-01
5.865671265757999020e-01
6.058033111239450319e-01
6.256703331018245162e-01
6.461888794590584517e-01
6.673803163415746864e-01
6.892667105884521250e-01
7.118708522139272077e-01
7.352162789017335776e-01
7.593273002677926042e-01
7.842290226835669786e-01
8.099473764173482637e-01
8.365091414080906285e-01
8.639419761413272836e-01
8.922744462240868035e-01
9.215360538708379234e-01
9.517572683911944553e-01
9.829695584225053295e-01
1.015205425207783563e+00
1.048498434687055614e+00
1.082883253967262593e+00
1.118395687425486562e+00
1.155072712489708664e+00
1.192952520166351338e+00
1.232074553299626452e+00
1.272479547905939645e+00
1.314209576100771493e+00
1.357308089409796414e+00
1.401819964776746863e+00
1.447791549537378542e+00
1.495270711948553322e+00
1.544306889028949525e+00
1.594951139800886875e+00
1.647256196195112432e+00
1.701276520484016341e+00
1.757068359976331706e+00
1.814689806853866161e+00
1.874200857652487340e+00
1.935663476494280166e+00
1.999141658849416414e+00
2.064701499433595266e+00
2.132411258769088214e+00
2.202341437026058113e+00
2.274564844643630845e+00
2.349156680419920651e+00
2.426194608314808487e+00
2.505758838521427556e+00
2.587932211767864477e+00
2.672800284493216605e+00
2.760451418305156057e+00
2.850976871787938904e+00
2.944470895909943042e+00
3.041030831549612401e+00
3.140757211665745174e+00
3.243753864099065520e+00
3.350128021892904595e+00
3.459990432823599971e+00
3.573455476266125252e+00
3.690641281221576975e+00
3.811669849507331342e+00
3.936667182631308215e+00
4.065763412533454968e+00
4.199092938025162702e+00
4.336794563238328237e+00
4.479011643064008119e+00
4.625892231870858851e+00
4.777589237507447351e+00
4.934260579916132095e+00
5.096069356326654365e+00
5.263184010170922633e+00
5.435778506085346073e+00
5.614032512235361594e+00
5.798131584712383102e+00
5.988267363033796364e+00
6.184637767411270026e+00
6.387447206469698990e+00
6.596906787005991646e+00
6.813234536993574508e+00
7.036655628816149921e+00
7.267402615874774874e+00
7.505715673136663213e+00
7.751842846722649227e+00
8.006040312548194038e+00
8.268572641086100461e+00
8.539713073987638126e+00
8.819743807014928549e+00
9.108956283734089610e+00
9.407651497495448822e+00
9.716140305501092200e+00
1.003474375022801368e+01
1.036379339381828757e+01
1.070363166302681002e+01
1.105461220327443783e+01
1.141710024751321839e+01
1.179147299336867150e+01
1.217811999821315716e+01
1.257744358005476748e+01
1.298985923686054811e+01
1.341579607829676846e+01
1.385569727011660923e+01
1.431002049430355605e+01
1.477923842422152845e+01
1.526383921539052579e+01
1.576432701120565483e+01
1.628122246557386887e+01
1.681506328460708133e+01
1.736640478239348084e+01
1.793582045717674589e+01
1.852390258749507268e+01
1.913126284427655222e+01
1.975853292559757790e+01
2.040636521089342992e+01
2.107543343760523413e+01
2.176643339853712789e+01
2.248008366380270573e+01
2.321712632197765558e+01
2.397832775187275089e+01
2.476447941460748581e+01
2.557639867270621536e+01
2.641492963412554573e+01
2.728094403086646125e+01
2.817534211378348630e+01
2.909905358950079801e+01
3.005303857765419195e+01
3.103828860711038118e+01
3.205582763739446506e+01
3.310671311684229323e+01
3.419203707799920267e+01
3.531292726223473721e+01
3.647054828501194379e+01
3.766610284086016236e+01
3.890083293764606509e+01
4.017602118387183907e+01
4.149299210991028275e+01
4.285311353173911186e+01
4.425779796206056460e+01
4.570850406631668505e+01
4.720673816221112418e+01
4.875405577336164242e+01
5.035206322917773036e+01
5.200241931768942294e+01
5.370683698817238394e+01
5.546708511997049129e+01
5.728499033251169692e+01
5.916243886264589946e+01
6.110137850296551676e+01
6.310382060469488863e+01
6.517184213330010323e+01
6.730758779847506901e+01
6.951327226035775197e+01
7.179118238765487092e+01
7.414367960939316049e+01
7.657320231464100857e+01
7.908226836929857484e+01
8.167347766546456000e+01
8.434951479446850442e+01
8.711315177960190681e+01
8.996725090636985556e+01
9.291476763623983004e+01
9.595875362467697300e+01
9.910235982455989756e+01
1.023488396918019276e+02
1.057015524986284305e+02
1.091639667325888041e+02
1.127396636338469449e+02
1.164323408240232567e+02
1.202458160446480093e+02
1.241840310314300240e+02
1.282510555047930154e+02
1.324510912837119463e+02
1.367884765219572785e+02
1.412676900949959418e+02
1.458933561105871206e+02
1.506702485644263447e+02
1.556032961529681700e+02
1.606975872152752629e+02
1.659583748505783092e+02
1.713910821890074203e+02
1.770013078042979089e+02
1.827948313461537282e+02
1.887776192888353251e+02
1.949558309064779564e+02
2.013358244027668320e+02
2.079241632427070101e+02
2.147276226708147817e+02
2.217531964638227180e+02
2.290081038346399396e+02
2.364997965916296607e+02
2.442359665082495610e+02
2.522245529073010744e+02
2.604737504931256922e+02
2.689920173867403719e+02
2.777880834845852860e+02
2.868709589633641031e+02
2.962499431174709912e+02
3.059346334578330584e+02
3.159349350488952837e+02
3.262610701396748709e+02
3.369235881273397695e+02
3.479333757333482140e+02
3.593016675721790421e+02
3.710400569573793632e+02
3.831605070772692443e+02
3.956753625155710665e+02
4.085973610051069613e+02
4.219396456777451476e+02
4.357157775553569081e+02
4.499397484386862516e+02
4.646259942257516400e+02
4.797894084926913933e+02
4.954453565804744244e+02
5.116096900702002586e+02
5.282987615621067334e+02
5.455294400143274061e+02
5.633191264515487546e+02
5.816857701187531120e+02
6.006478850573109867e+02
6.202245672098403020e+02
6.404355119403069239e+02
6.613010320731054890e+02
6.828420764056489816e+02
7.050802487205709213e+02
7.280378273239609825e+02
7.517377851333043282e+02
7.762038102300169840e+02
8.014603270380778213e+02
8.275325180330380590e+02
8.544463459257179920e+02
8.822285766326469911e+02
9.109068025770856138e+02
9.405094668058727621e+02
9.710658875905238574e+02
1.002606283669860318e+03
1.035161800155238552e+03
1.068764534995201075e+03
1.103447566184732523e+03
1.139244979476395883e+03
1.176191897013805828e+03
1.214324506307951197e+03
1.253680090116542715e+03
1.294297056946106977e+03
1.336214972220016080e+03
1.379474590173764909e+03
1.424117886362756508e+03
1.470188091098905261e+03
1.517729723269573924e+03
1.566788625115934110e+03
1.617411997700306074e+03
1.669648436937666474e+03
1.723547970529765962e+03
1.779162095370747920e+03
1.836543816083854153e+03
1.895747683733377698e+03
1.956829835644422019e+03
2.019848035913387093e+03
2.084861716102254832e+03
2.151932017447252292e+03
2.221121833049292036e+03
2.292495851118407245e+03
2.366120598555030938e+03
2.442064485678709389e+03
2.520397850856205423e+03
2.601193006436708401e+03
2.684524284961126796e+03
2.770468085899284233e+03
2.859102922895596748e+03
2.950509471809366914e+03
3.044770619043481929e+03
3.141971510136090728e+03
3.242199599476675758e+03
3.345544699562448386e+03
3.452099031074530558e+03
3.561957273494743276e+03
3.675216615434976120e+03
3.791976805859741944e+03
3.912340204902881396e+03
4.036411835294714365e+03
4.164299433506083915e+03
4.296113501562716010e+03
4.431967358214588785e+03
4.571977190345672170e+03
4.716262104516982617e+03
4.864944177740852865e+03
5.018148508443367064e+03
5.176003267467356636e+03
5.338639747938881555e+03
5.506192415255378364e+03
5.678798956733777231e+03
5.856600330102707630e+03
6.039740811787943130e+03
6.228368044345622366e+03
6.422633083856479061e+03
6.622690445041203020e+03
6.828698146635758349e+03
7.040817755692696664e+03
7.259214429983451737e+03
7.484056960247583447e+03
7.715517811257621361e+03
7.953773160075226770e+03
8.199002935414737294e+03
8.451390852919459576e+03
8.711124451759220392e+03
8.978395126667028308e+03
9.253398161591891039e+03
9.536332757913824025e+03
9.827402065223031968e+03
1.012681320635688098e+04
1.043477730310790139e+04
1.075150949831976322e+04
1.107722897812507290e+04
1.141215899026064290e+04
1.175652686074946723e+04
1.211056400868567289e+04
1.247450596052425499e+04
1.284859235759385410e+04
1.323306696850909793e+04
1.362817769165082973e+04
1.403417656162127787e+04
1.445131974990892741e+04
1.487986756595943189e+04
1.532008445221904549e+04
1.577223898245917735e+04
1.623660385248333114e+04
1.671345587205292031e+04
1.720307595332871642e+04
1.770574909897413090e+04
1.822176438467550179e+04
1.875141494520659762e+04
1.929499795070014079e+04
1.985281459006780278e+04
2.042517004540674316e+04
2.101237346893308859e+04
2.161473795542156222e+04
2.223258051423091456e+04
2.286622204294539188e+04
2.351598729126917897e+04
2.418220483279116888e+04
2.486520703180159398e+04
2.556533000606928908e+04
2.628291359126623138e+04
2.701830130848376211e+04
2.777184032154570014e+04
2.854388140026410838e+04
2.933477888504468137e+04
3.014489064188810880e+04
3.097457802587862170e+04
3.182420584027078075e+04
3.269414229360912577e+04
3.358475896438691416e+04
3.449643075224994391e+04
3.542953584571877582e+04
3.638445567253903573e+04
3.736157486924397381e+04
3.836128122928532684e+04
3.938396567355098523e+04
4.043002220401156228e+04
4.149984786771994550e+04
4.259384271768017788e+04
4.371240977175481385e+04
4.485595498350833805e+04
4.602488719628125546e+04
4.721961811158812634e+04
4.844056225437112880e+04
4.968813694093727827e+04
5.096276223733012012e+04
5.226486093640125182e+04
5.359485851956270199e+04
5.495318312799181876e+04
5.634026553362202685e+04
5.775653910832146357e+04
5.920243979543821479e+04
6.067840608260285080e+04
6.218487897478632658e+04
6.372230196528436500e+04
6.529112102060674079e+04
6.689178454047022387e+04
6.852474334474133502e+04
7.019045064339721284e+04
7.188936201993584109e+04
7.362193539981468348e+04
7.538863103737075289e+04
7.718991148517743568e+04
7.902624157882407599e+04
8.089808840870208223e+04
8.280592130147267017e+04
8.475021180208932492e+04
8.673143364057170402e+04
8.875006272268712928e+04
9.080657709485467058e+04
9.290145692907212651e+04
9.503518450176408805e+04
9.720824415486490761e+04
9.942112228799847071e+04
1.016743073222557141e+05
1.039682896716309770e+05
1.063035617216924729e+05
1.086806177993279562e+05
1.110999541340934520e+05
1.135620688422285893e+05
1.160674618757028511e+05
1.186166349895876629e+05
1.212100917255305103e+05
1.238483373444303434e+05
1.265318788075870252e+05
1.292612247266915801e+05
1.320368853083023278e+05
1.348593723370258231e+05
1.377291990912038309e+05
1.406468803131936002e+05
1.436129321563888516e+05
1.466278721196023398e+05
1.496922189897947246e+05
1.528064927884745703e+05
1.559712146931673051e+05
1.591869069864633493e+05
1.624540929846144281e+05
1.657732969498586608e+05
1.691450440254498390e+05
1.725698601630890917e+05
1.760482720343031979e+05
1.795808069357751519e+05
1.831679927166994312e+05
1.868103576960539212e+05
1.905084305354864046e+05
1.942627401697293099e+05
1.980738157040744263e+05
2.019421863005905761e+05
2.058683810731255508e+05
2.098529289813992509e+05
2.138963587316581397e+05
2.179991986181632674e+05
2.221619764528200612e+05
2.263852194103983929e+05
2.306694539305395447e+05
2.350152055461586860e+05
2.394229988068224047e+05
2.438933570977455238e+05
2.484268025314869010e+05
2.530238557891644596e+05
2.576850359956961765e+05
2.624108605675370782e+05
2.672018450513908174e+05
2.720585029966011643e+05
2.769813457824108773e+05
2.819708824831313686e+05
2.870276196899844217e+05
2.921520613718106761e+05
2.973447086890224600e+05
3.026060598600857775e+05
3.079366099677066668e+05
3.133368508114197757e+05
3.188072707350958954e+05
3.243483544437807286e+05
3.299605828544177930e+05
3.356444329048717045e+05
3.414003773877155618e+05
3.472288847756929463e+05
3.531304190434590564e+05
3.591054394856077852e+05
3.651544005592712783e+05
3.712777516700280248e+05
3.774759370292035164e+05
3.837493954705708311e+05
3.900985602443352109e+05
3.965238588591548032e+05
4.030257129151253030e+05
4.096045378728790092e+05
4.162607429589923704e+05
4.229947309184503392e+05
4.298068978378488682e+05
4.366976330283770803e+05
4.436673187927215477e+05
4.507163302738940693e+05
4.578450352491165977e+05
4.650537940415586927e+05
4.723429592391822371e+05
4.797128756072190590e+05
4.871638798648152733e+05
4.946963005598744494e+05
5.023104578961314983e+05
5.100066635289503611e+05
5.177852204704759642e+05
5.256464228654750623e+05
5.335905558759007836e+05
5.416178955344370333e+05
5.497287085646393243e+05
5.579232522018217715e+05
5.662017741515595699e+05
5.745645123194945045e+05
5.830116947454714682e+05
5.915435394798355410e+05
6.001602543744430877e+05
6.088620370187272783e+05
6.176490745738525875e+05
6.265215436651246855e+05
6.354796102172649698e+05
6.445234294282186311e+05
6.536531455357030500e+05
6.628688918191066477e+05
6.721707903744925279e+05
6.815589521030893084e+05
6.910334765759073198e+05
7.005944519219526555e+05
7.102419547422076575e+05
7.199760500217796071e+05
7.297967910369273741e+05
7.397042193081511650e+05
7.496983644289976219e+05
7.597792440955212805e+05
7.699468639443614520e+05
7.802012175431777723e+05
7.905422862882055342e+05
8.009700393606674625e+05
8.114844336498393677e+05
8.220854136747658486e+05
8.327729116197301773e+05
8.435468471439910354e+05
8.544071274775870843e+05
8.653536472830199637e+05
8.763862885740012862e+05
8.875049208293065894e+05
8.987094007650749991e+05
9.099995724373107078e+05
9.213752671343170805e+05
9.328363033832067158e+05
9.443824868804473663e+05
9.560136104341134196e+05
9.677294540565122152e+05
9.795297847464187071e+05
9.914143566311325412e+05
1.003382910810033907e+06
1.015435175400367356e+06
1.027570865446289536e+06
1.039789682998253498e+06
1.052091316837211605e+06
1.064475442733875010e+06
1.076941723234043224e+06
1.089489807547989534e+06
1.102119331754915649e+06
1.114829918490517652e+06
1.127621177054613130e+06
1.140492703320369823e+06
1.153444079636759823e+06
1.166474874760343926e+06
1.179584643839881523e+06
1.192772928297796054e+06
1.206039255730257137e+06
1.219383139859965304e+06
1.232804080398611957e+06
1.246301562942028511e+06
1.259875058839678532e+06
1.273524025118724443e+06
1.287247904324546689e+06
1.301046124359056121e+06
1.314918098246187437e+06
1.328863224146874854e+06
1.342880885068742326e+06
1.356970448623827426e+06
1.371131266890222207e+06
1.385362676214362029e+06
1.399663996822786750e+06
1.414034532811012352e+06
1.428473571636103792e+06
1.442980384009615751e+06
1.457554223430489888e+06
1.472194326039895182e+06
1.486899910093993414e+06
1.501670175787998363e+06
1.516504304688436212e+06
1.531401459487962537e+06
1.546360783508239547e+06
1.561381400115914876e+06
1.576462412552090595e+06
1.591602903144283220e+06
1.606801932890489930e+06
1.622058540946872439e+06
1.637371743900987785e+06
1.652740535273216199e+06
1.668163884845383000e+06
1.683640738007852109e+06
1.699170014967663679e+06
1.714750609939165181e+06
1.730381390550592914e+06
1.746061196948204888e+06
1.761788840809490532e+06
1.777563104495828273e+06
1.793382740233951015e+06
1.809246468844317598e+06
1.825152979040170787e+06
1.841100925960743101e+06
1.857088930369969690e+06
1.873115577115814202e+06
1.889179414202369750e+06
1.905278951204078039e+06
1.921412658107361523e+06
1.937578963658454828e+06
1.953776253892225446e+06
1.970002870823484613e+06
1.986257110389594920e+06
2.002537220879020635e+06
2.018841401239894796e+06
2.035167799046613509e+06
2.051514508343388559e+06
2.067879568063194398e+06
2.084260959123548586e+06
2.100656602896415163e+06
2.117064358115882147e+06
2.133482018911662977e+06
2.149907311657589860e+06
2.166337892707936000e+06
2.182771345140422229e+06
2.199205175777554978e+06
2.215636811997221317e+06
2.232063598439091351e+06
2.248482793284101877e+06
2.264891564681827556e+06
2.281286986833877396e+06
2.297666035819078330e+06
2.314025585258224979e+06
2.330362401731886435e+06
2.346673140142400283e+06
2.362954338278269395e+06
2.379202411945897155e+06
2.395413648899258580e+06
2.411584203230019193e+06
2.427710088783590123e+06
2.443787172659405041e+06
2.459811168321155943e+06
2.475777627757673152e+06
2.491681934085940477e+06
2.507519292786485516e+06
2.523284723096746486e+06
2.538973048544413410e+06
2.554578886933281086e+06
2.570096639823955949e+06
2.585520481087137014e+06
2.600844345150755718e+06
2.616061914019265678e+06
2.631166603633746039e+06
2.646151549505739938e+06
2.661009590902441181e+06
2.675733254578510765e+06
2.690314736606093589e+06
2.704745883662422188e+06
2.719018172553856857e+06
2.733122688075369690e+06
2.747050099819710944e+06
2.760790636635576375e+06
2.774334059491219465e+06
2.787669632042494137e+06
2.800786088945581578e+06
2.813671601592516061e+06
2.826313741102495696e+06
2.838699438153554220e+06
2.850814939348130953e+06
2.862645760137921199e+06
2.874176633067386225e+06
2.885391451951492578e+06
2.896273210507479962e+06
2.906803935799722094e+06
2.916964614797416609e+06
2.926735114387227688e+06
2.936094092838578857e+06
2.945018903495211154e+06
2.953485487280367874e+06
2.961468254888123833e+06
2.968939955967497081e+06
2.975871534235942643e+06
2.982231965884631500e+06
2.987988080429615453e+06
2.993104359602358192e+06
2.997542712437409908e+06
3.001262223394510802e+06
3.004218867574936245e+06
3.006365189868200570e+06
3.007649941416679416e+06
3.008017666085635778e+06
3.007408229399350937e+06
3.005756279319765978e+06
3.002990626389279496e+06
2.999033529342441354e+06
2.993799867905481718e+06
2.987196179514323361e+06
2.979119534417246468e+06
2.969456213009553961e+06
2.958080144354797900e+06
2.944851050495041534e+06
2.929612227697668597e+06
2.912187876961097121e+06
2.892379867154540028e+06
2.869963781574169639e+06
2.844684047102985438e+06
2.816247877746101003e+06
2.784317669385103974e+06
2.748501342868905980e+06
2.708339933330713771e+06
2.663291424406505190e+06
2.612709375879838597e+06
2.555814187802815810e+06
2.491653730306709185e+06
2.419048227858434897e+06
2.336511171493616421e+06
2.242132529706995003e+06
2.133400366021948401e+06
2.006917183240273735e+06
1.857926224827798316e+06
1.679470697670783149e+06
1.460780206382894190e+06
1.183833853582456242e+06
8.148767929991324199e+05
2.780934072466337238e+05
-6.698187116595380940e+05
nan
nan
nan
nan
nan
nan
nan
nan
nan
nan
nan
nan
nan
nan
nan
nan
nan
nan
nan
nan
nan
nan
nan
nan
nan
nan
nan
nan
nan
nan
nan
nan
nan
nan
nan
nan
nan
nan
nan
nan
nan
nan
nan
nan
nan
nan
nan
nan
nan
nan
nan
nan
nan
nan
nan
nan
nan
nan
nan
nan
nan
nan
nan
nan
nan
nan
nan
nan
nan
nan
nan
nan
nan
nan
nan
nan
nan
nan
nan
nan
nan
nan
nan
nan
nan
nan
nan
nan
nan
nan
nan
nan
nan
nan
nan
nan
nan
nan
nan
nan
nan
nan
nan
nan
nan
nan
nan
nan
nan
nan
nan
nan
nan
nan
nan
nan
nan
nan
nan
nan
nan
nan
nan
nan
nan
nan
nan
nan
nan
nan
nan
nan
nan
nan
nan
nan
nan
nan
nan
nan
nan
nan
nan
nan
nan
nan
nan
nan
nan
nan
nan
nan
nan
nan
nan
nan
nan
nan
nan
nan
nan
nan
nan
nan
nan
nan
nan
nan
nan
nan
nan
nan
nan
