-5.447830634529355149e-09
-5.808501905388200885e-09
-5.764979386713163148e-09
-6.059252437348502584e-09
-6.196499762246008798e-09
-6.414688562906364119e-09
-6.713555938518525969e-09
-6.827880044597532682e-09
-7.259825191278870878e-09
-7.503276450818932661e-09
-7.538805142333243871e-09
-7.883154580627936118e-09
-8.008512083255597032e-09
-8.426768180181882961e-09
-8.611075416857564710e-09
-9.070693094680330745e-09
-9.285827005976038147e-09
-9.505084951759968558e-09
-9.972146675085115143e-09
-1.017271756905256649e-08
-1.060281264051135136e-08
-1.075142576316202413e-08
-1.110889981442126688e-08
-1.166707665346305943e-08
-1.191531652758689310e-08
-1.234809167772766594e-08
-1.269710827229450612e-08
-1.320464051199326623e-08
-1.360890668940745728e-08
-1.415039354617296274e-08
-1.456890144268432580e-08
-1.509561589412321589e-08
-1.547073760730743506e-08
-1.593422796633968045e-08
-1.646803829756141821e-08
-1.706421185460784137e-08
-1.770271732754357979e-08
-1.811861264809308210e-08
-1.880113380132373089e-08
-1.948017218509523606e-08
-2.013848092881891712e-08
-2.076341303794412598e-08
-2.133070858508431954e-08
-2.207710375646248311e-08
-2.273608995912074552e-08
-2.353493606346496076e-08
-2.445409193022603619e-08
-2.522250038271772191e-08
-2.606895018666940942e-08
-2.671979001827682656e-08
-2.765722948314406698e-08
-2.860251844720245957e-08
-2.953412613331794879e-08
-3.042638773790141247e-08
-3.150394512164797451e-08
-3.249036940480082762e-08
-3.360512991899032205e-08
-3.457375088880688057e-08
-3.586618172700346168e-08
-3.694598154191314021e-08
-3.829085709661133319e-08
-3.936066290725022247e-08
-4.087785018383532818e-08
-4.205277746308978458e-08
-4.360417715199212615e-08
-4.499250772802617768e-08
-4.643052766875634004e-08
-4.787691180873631851e-08
-4.954379046134489494e-08
-5.113764286340834679e-08
-5.286523428657393633e-08
-5.443133577853984192e-08
-5.629035207543379248e-08
-5.814568287748318073e-08
-5.994549520243953178e-08
-6.214265257486914897e-08
-6.392773801699773205e-08
-6.625436116464855870e-08
-6.831012986440753753e-08
-7.053939556093536416e-08
-7.288360931091051449e-08
-7.527918397893824888e-08
-7.766182677193132849e-08
-8.021697912993264339e-08
-8.287646381156483800e-08
-8.556790226942481311e-08
-8.847190691766087334e-08
-9.125938544753212458e-08
-9.435636329644991915e-08
-9.743089910137880420e-08
-1.006510095742621715e-07
-1.039306746354624355e-07
-1.074331656816955533e-07
-1.108137793365545469e-07
-1.144819551933418624e-07
-1.183396281410667200e-07
-1.220347833184343082e-07
-1.262179388097308727e-07
-1.302765921222643866e-07
-1.346036873782485530e-07
-1.388318095908495833e-07
-1.436000613093292574e-07
-1.482793175599767230e-07
-1.529957685128517228e-07
-1.581207298140170984e-07
-1.632683834191449262e-07
-1.685510208388617575e-07
-1.740762715349473439e-07
-1.799457335715706857e-07
-1.857558928387040900e-07
-1.918494625285906671e-07
-1.980644606587860624e-07
-2.047319510735708904e-07
-2.114278405691832518e-07
-2.182215895854361635e-07
-2.254306932629185505e-07
-2.328635508687820224e-07
-2.405707261801841599e-07
-2.483475429229600817e-07
-2.564852836525040796e-07
-2.650156241438855213e-07
-2.737128596113442582e-07
-2.825938723298237321e-07
-2.919219969894135977e-07
-3.014466829012773844e-07
-3.114128008621244801e-07
-3.215559863370839344e-07
-3.321025443079566483e-07
-3.430233494090426750e-07
-3.542751096075497994e-07
-3.658052220957500307e-07
-3.778077927212279120e-07
-3.902089738918736323e-07
-4.029276671515569348e-07
-4.161217149112256769e-07
-4.299419396414995985e-07
-4.440166446872427531e-07
-4.584719413723698204e-07
-4.736704516478120427e-07
-4.892076819720873330e-07
-5.051693389038695964e-07
-5.216252259471103494e-07
-5.388851894821313604e-07
-5.564901272034215926e-07
-5.747173597322408742e-07
-5.935801611276036611e-07
-6.130744195777610268e-07
-6.331780314725249135e-07
-6.538554130045658683e-07
-6.753004109328369847e-07
-6.974404249017721138e-07
-7.204341526446704497e-07
-7.439166196843769171e-07
-7.685120238447837808e-07
-7.935616684835836918e-07
-8.196456440445373483e-07
-8.465674734889092516e-07
-8.743574184728574727e-07
-9.030250912072525911e-07
-9.325526651432882244e-07
-9.631502888790980457e-07
-9.947474692735680451e-07
-1.027502595431056866e-06
-1.061040081377675375e-06
-1.095963744389917169e-06
-1.131840375660094615e-06
-1.168959039128108560e-06
-1.207328313973199107e-06
-1.246924265763143133e-06
-1.287686072449764811e-06
-1.330024285818539262e-06
-1.373555358059121545e-06
-1.418616967996170981e-06
-1.465253990475704439e-06
-1.513220544731584429e-06
-1.562733279436110372e-06
-1.613966281238694415e-06
-1.667051500220086401e-06
-1.721569264379223486e-06
-1.778060738222231645e-06
-1.836516278321680119e-06
-1.896625815413006194e-06
-1.958780170564082493e-06
-2.023066599359244269e-06
-2.089518398878438068e-06
-2.158111800375674952e-06
-2.228761984949739826e-06
-2.301828585203202742e-06
-2.377360809211473128e-06
-2.455335768375336144e-06
-2.535922092646357956e-06
-2.618964935211750827e-06
-2.704994644678761794e-06
-2.793711634611029761e-06
-2.885246458799150275e-06
-2.979898995472136485e-06
-3.077638980061188312e-06
-3.178606192930828603e-06
-3.282850777074341122e-06
-3.390334301605529226e-06
-3.501684283858391790e-06
-3.616422631336064817e-06
-3.734982831956959510e-06
-3.857442007183594528e-06
-3.984029613572078482e-06
-4.114607661098161068e-06
-4.249688978373996159e-06
-4.388912344865084401e-06
-4.532803462918397269e-06
-4.681515355400972579e-06
-4.835073207310113575e-06
-4.993622050384027879e-06
-5.157423189090118484e-06
-5.326599518521878291e-06
-5.501127726354929393e-06
-5.681589880508456598e-06
-5.867911395865640684e-06
-6.060361584012608947e-06
-6.259045103048488769e-06
-6.464401344418531791e-06
-6.676440798484646964e-06
-6.895496617359834202e-06
-7.121463011461343372e-06
-7.355048032763529529e-06
-7.596256516627779139e-06
-7.845390888195476008e-06
-8.102791921151816651e-06
-8.368327578802059601e-06
-8.642899947015073581e-06
-8.926166535439300536e-06
-9.219056169047448344e-06
-9.521237048195650346e-06
-9.833630823496177360e-06
-1.015613842857464590e-05
-1.048913858940514876e-05
-1.083322709150610474e-05
-1.118845840236485456e-05
-1.155533445287386374e-05
-1.193429679395780616e-05
-1.232571416548245136e-05
-1.272987443228585698e-05
-1.314747078156050256e-05
-1.357859261124293952e-05
-1.402371184290293422e-05
-1.448367806864404445e-05
-1.495869326992250408e-05
-1.544931055926003776e-05
-1.595591447952519483e-05
-1.647921024082450823e-05
-1.701971067756947756e-05
-1.757771592557456905e-05
-1.815430702489960663e-05
-1.874957073916910745e-05
-1.936459325004031616e-05
-1.999968509285132470e-05
-2.065536695107367463e-05
-2.133285957452065720e-05
-2.203255214689482723e-05
-2.275498956119179745e-05
-2.350135893908140010e-05
-2.427195723927253653e-05
-2.506793335115888529e-05
-2.589000680507081396e-05
-2.673920203515861498e-05
-2.761606594586733229e-05
-2.852165812817215835e-05
-2.945701915593885504e-05
-3.042314470188976278e-05
-3.142095571091756454e-05
-3.245127862376167460e-05
-3.351557058048544748e-05
-3.461462837027380759e-05
-3.574982066838945253e-05
-3.692229937767764020e-05
-3.813322102761324716e-05
-3.938371573531226417e-05
-4.067535243033374267e-05
-4.200910231887975213e-05
-4.338680564246808326e-05
-4.480988407485978484e-05
-4.627929508661387126e-05
-4.779700616672908411e-05
-4.936444573536484076e-05
-5.098345652792839238e-05
-5.265551019453842117e-05
-5.438215903310382671e-05
-5.616574129467987781e-05
-5.800757825295008250e-05
-5.990992931352978054e-05
-6.187468850997097122e-05
-6.390408402605169075e-05
-6.599961304197918971e-05
-6.816425817712157460e-05
-7.039965080356022750e-05
-7.270828417001047584e-05
-7.509294037728288446e-05
-7.755561926771294048e-05
-8.009899132139258640e-05
-8.272581027977631810e-05
-8.543885530249182647e-05
-8.824084936018302522e-05
-9.113463560759064704e-05
-9.412335482263329070e-05
-9.721010841816015043e-05
-1.003981276772675045e-04
-1.036906888816183531e-04
-1.070912722530016457e-04
-1.106034711101472020e-04
-1.142306470336821895e-04
-1.179768346560034072e-04
-1.218458888408252653e-04
-1.258418781489245521e-04
-1.299689797907017778e-04
-1.342313687044317957e-04
-1.386333478637526812e-04
-1.431799935496438220e-04
-1.478755085563544206e-04
-1.527251205898779666e-04
-1.577339394549381478e-04
-1.629068177001867382e-04
-1.682494728722543011e-04
-1.737670819161779340e-04
-1.794658954546887687e-04
-1.853515716334464642e-04
-1.914302716221651915e-04
-1.977082504564327183e-04
-2.041921827758480989e-04
-2.108889917390862029e-04
-2.178051578822784646e-04
-2.249480502500599878e-04
-2.323254730957871508e-04
-2.399447143980872825e-04
-2.478138490437721314e-04
-2.559410197497889164e-04
-2.643349744389093575e-04
-2.730038291554064589e-04
-2.819573503147600538e-04
-2.912044488164649354e-04
-3.007546864372880068e-04
-3.106182730879719677e-04
-3.208052914097278530e-04
-3.313261801105366793e-04
-3.421924503156299519e-04
-3.534151349179339113e-04
-3.650057413886230798e-04
-3.769764420850752569e-04
-3.893397479260764802e-04
-4.021086764188461530e-04
-4.152964069301167218e-04
-4.289166737305611927e-04
-4.429836512154782273e-04
-4.575118241568886944e-04
-4.725166007397582591e-04
-4.880133968183459551e-04
-5.040187317098638806e-04
-5.205487807493681691e-04
-5.376212009509159090e-04
-5.552534000721256200e-04
-5.734640767493826572e-04
-5.922719696953497419e-04
-6.116966066548703337e-04
-6.317585297223878666e-04
-6.524785019355808366e-04
-6.738779513808987841e-04
-6.959793968477475876e-04
-7.188055946940617768e-04
-7.423806851513894576e-04
-7.667290449715004385e-04
-7.918758885419543590e-04
-8.178478394574660148e-04
-8.446714779314942571e-04
-8.723748695825246733e-04
-9.009873236195915314e-04
-9.305381109090101258e-04
-9.610581773953881871e-04
-9.925793196242358764e-04
-1.025134582987937250e-03
-1.058757635098810145e-03
-1.093483610013396045e-03
-1.129348675931506800e-03
-1.166390313834863484e-03
-1.204647072402617635e-03
-1.244158785471612648e-03
-1.284966760575955748e-03
-1.327113173159245830e-03
-1.370642442232626428e-03
-1.415599542699877466e-03
-1.462031559783700000e-03
-1.509986673021146896e-03
-1.559515129400019162e-03
-1.610668396290514722e-03
-1.663500042430921238e-03
-1.718064806239670344e-03
-1.774419632422754526e-03
-1.832623405904620266e-03
-1.892736876928857552e-03
-1.954822544302345973e-03
-2.018945236011616354e-03
-2.085171879822313341e-03
-2.153571216083333476e-03
-2.224214965143930019e-03
-2.297176664722717140e-03
-2.372532459301693580e-03
-2.450360819411839981e-03
-2.530742946979033271e-03
-2.613762860348422222e-03
-2.699506908839790706e-03
-2.788064711892530422e-03
-2.879528776129561349e-03
-2.973994280840041096e-03
-3.071559787511329333e-03
-3.172327362174130923e-03
-3.276402108029569105e-03
-3.383892367157196462e-03
-3.494910577213072855e-03
-3.609572533160029274e-03
-3.727997795100767599e-03
-3.850310511017175641e-03
-3.976637607570574461e-03
-4.107111661460605134e-03
-4.241868618413250497e-03
-4.381049179420070522e-03
-4.524798795022978021e-03
-4.673267808837537791e-03
-4.826610949142946805e-03
-4.984988458938882649e-03
-5.148566091869138418e-03
-5.317514445897840100e-03
-5.492010431715032941e-03
-5.672236070470415732e-03
-5.858380151156037177e-03
-6.050636964899823098e-03
-6.249207645116726210e-03
-6.454299821568860833e-03
-6.666128104663481338e-03
-6.884913890846329314e-03
-7.110886227433461243e-03
-7.344281492178601940e-03
-7.585344112948215825e-03
-7.834325838453544064e-03
-8.091488055687785091e-03
-8.357099359957802925e-03
-8.631438438049901865e-03
-8.914792175894203224e-03
-9.207457816254175850e-03
-9.509741572994266992e-03
-9.821960784642480569e-03
-1.014444225997786393e-02
-1.047752437642994472e-02
-1.082155638004138332e-02
-1.117689890865194817e-02
-1.154392519010784095e-02
-1.192302019833718640e-02
-1.231458172125149755e-02
-1.271902086311248008e-02
-1.313676268617251959e-02
-1.356824600125105390e-02
-1.401392404979637588e-02
-1.447426529929485110e-02
-1.494975384820957688e-02
-1.544088992981277990e-02
-1.594818999260757403e-02
-1.647218836252956065e-02
-1.701343644417352766e-02
-1.757250447587427669e-02
-1.814998129959367879e-02
-1.874647590758303506e-02
-1.936261695545504410e-02
-1.999905453325858187e-02
-2.065646012950202864e-02
-2.133552803563493541e-02
-2.203697519642137947e-02
-2.276154318476214869e-02
-2.350999784073230445e-02
-2.428313101350869363e-02
-2.508176040291523745e-02
-2.590673222827236111e-02
-2.675891994537055868e-02
-2.763922698721012552e-02
-2.854858728845102028e-02
-2.948796550876838993e-02
-3.045835922854195355e-02
-3.146079958654929981e-02
-3.249635205016582207e-02
-3.356611884127246731e-02
-3.467123867530112757e-02
-3.581288885989247078e-02
-3.699228639660269435e-02
-3.821069013291673172e-02
-3.946940083858806181e-02
-4.076976376776779432e-02
-4.211316962467200747e-02
-4.350105637238085160e-02
-4.493491116384663170e-02
-4.641627181120979578e-02
-4.794672800227094828e-02
-4.952792449966610111e-02
-5.116156152970735560e-02
-5.284939777414673912e-02
-5.459325274806145489e-02
-5.639500742580640796e-02
-5.825660816400037717e-02
-6.018006779035110082e-02
-6.216746886112919229e-02
-6.422096576106524346e-02
-6.634278735855367315e-02
-6.853523912880785107e-02
-7.080070700803586803e-02
-7.314166006545766430e-02
-7.556065278887061365e-02
-7.806032886233159329e-02
-8.064342409010850921e-02
-8.331277003457580876e-02
-8.607129787335017490e-02
-8.892204126587488489e-02
-9.186814043761197535e-02
-9.491284725534808453e-02
-9.805952713427261436e-02
-1.013116658809306292e-01
-1.046728720548746466e-01
-1.081468829551131411e-01
-1.117375691835185703e-01
-1.154489391306861429e-01
-1.192851453763090763e-01
-1.232504890627871136e-01
-1.273494265201234876e-01
-1.315865743364178220e-01
-1.359667163305368909e-01
-1.404948104496256123e-01
-1.451759940378865854e-01
-1.500155924666700114e-01
-1.550191257646919007e-01
-1.601923163496028479e-01
-1.655410969552208456e-01
-1.710716201879447229e-01
-1.767902655926218702e-01
-1.827036496820863831e-01
-1.888186362810933272e-01
-1.951423448691399776e-01
-2.016821627755235602e-01
-2.084457546914413040e-01
-2.154410752230404014e-01
-2.226763803733527447e-01
-2.301602400169497631e-01
-2.379015518025675568e-01
-2.459095537106027185e-01
-2.541938388958944750e-01
-2.627643718987369703e-01
-2.716315023376239535e-01
-2.808059832995738470e-01
-2.902989878933484036e-01
-3.001221275554284418e-01
-3.102874708520785285e-01
-3.208075637572835315e-01
-3.316954509279190777e-01
-3.429646970684941398e-01
-3.546294105102135163e-01
-3.667042667621021601e-01
-3.792045349569799217e-01
-3.921461039460208964e-01
-4.055455102061468753e-01
-4.194199678273551335e-01
-4.337873986798569392e-01
-4.486664661719115821e-01
-4.640766077422430191e-01
-4.800380728383296658e-01
-4.965719584693312205e-01
-5.137002513646637958e-01
-5.314458668868858870e-01
-5.498326962822415176e-01
-5.688856495699252669e-01
-5.886307073648570087e-01
-6.090949692571340224e-01
-6.303067095076430038e-01
-6.522954339647963895e-01
-6.750919384276058421e-01
-6.987283719303062357e-01
-7.232383045229711094e-01
-7.486567950329897636e-01
-7.750204658962008830e-01
-8.023675797354993255e-01
-8.307381218498115505e-01
-8.601738855137197604e-01
-8.907185631764169553e-01
-9.224178411991295068e-01
-9.553195015799753609e-01
-9.894735270560440776e-01
-1.024932213954034221e+00
-1.061750288983937862e+00
-1.099985034940541118e+00
-1.139696420978900226e+00
-1.180947240601388559e+00
-1.223803259095304963e+00
-1.268333365107788158e+00
-1.314609734193073143e+00
-1.362707999703545836e+00
-1.412707432629699333e+00
-1.464691132519480909e+00
-1.518746226674681177e+00
-1.574964083660795655e+00
-1.633440535057786747e+00
-1.694276110619480358e+00
-1.757576287210198318e+00
-1.823451749888980178e+00
-1.892018667882220617e+00
-1.963398985612545777e+00
-2.037720729064954828e+00
-2.115118330124526658e+00
-2.195732966295827815e+00
-2.279712920788269592e+00
-2.367213962091507362e+00
-2.458399741748159784e+00
-2.553442217065874154e+00
-2.652522092891445471e+00
-2.755829290883467841e+00
-2.863563440995609000e+00
-2.975934400402957536e+00
-3.093162800729512885e+00
-3.215480623121797610e+00
-3.343131804913443084e+00
-3.476372878280386658e+00
-3.615473641937682725e+00
-3.760717869846670336e+00
-3.912404055819231008e+00
-4.070846196076958634e+00
-4.236374616479202437e+00
-4.409336839317897550e+00
-4.590098495658159194e+00
-4.779044287124659895e+00
-4.976578993362495318e+00
-5.183128536470398728e+00
-5.399141094592273760e+00
-5.625088275511526348e+00
-5.861466349185403324e+00
-6.108797542676865255e+00
-6.367631399193302677e+00
-6.638546207795629428e+00
-6.922150501444862769e+00
-7.219084632767160059e+00
-7.530022425563328348e+00
-7.855672908513293251e+00
-8.196782134938406017e+00
-8.554135090870337521e+00
-8.928557695015534534e+00
-9.320918898757113880e+00
-9.732132883766102083e+00
-1.016316136758651645e+01
-1.061501601985769661e+01
-1.108876099283165750e+01
-1.158551556901332980e+01
-1.210645694048917420e+01
-1.265282311303579377e+01
-1.322591594702831053e+01
-1.382710434258203769e+01
-1.445782756919875389e+01
-1.511959875143167764e+01
-1.581400851256707263e+01
-1.654272878635564936e+01
-1.730751680136397397e+01
-1.811021924608882472e+01
-1.895277662398212115e+01
-1.983722779801070857e+01
-2.076571474816499929e+01
-2.174048752909020976e+01
-2.276390946004199023e+01
-2.383846253107305557e+01
-2.496675305999559313e+01
-2.615151758322939202e+01
-2.739562901729061650e+01
-2.870210307999695232e+01
-3.007410498455823955e+01
-3.151495643841175109e+01
-3.302814292287690989e+01
-3.461732130125268725e+01
-3.628632773689567870e+01
-3.803918595927525104e+01
-3.988011587025994231e+01
-4.181354251887303519e+01
-4.384410545088527300e+01
-4.597666844925834795e+01
-4.821632967855579466e+01
-5.056843226139773861e+01
-5.303857527570968955e+01
-5.563262522330937543e+01
-5.835672795764981657e+01
-6.121732110990164699e+01
-6.422114701477018173e+01
-6.737526617445749366e+01
-7.068707125957010362e+01
-7.416430168153313218e+01
-7.781505875229221658e+01
-8.164782146527481643e+01
-8.567146288786838682e+01
-8.989526723559889376e+01
-9.432894761536965689e+01
-9.898266447505521626e+01
-1.038670447913693806e+02
-1.089932020126002641e+02
-1.143727568014832059e+02
-1.200178585787123922e+02
-1.259412079264410806e+02
-1.321560798641761494e+02
-1.386763480424255874e+02
-1.455165098737962808e+02
-1.526917126414536483e+02
-1.602177806290120259e+02
-1.681112432932398519e+02
-1.763893645329207800e+02
-1.850701730782305106e+02
-1.941724940608425243e+02
-2.037159817757019198e+02
-2.137211537227939289e+02
-2.242094259190013190e+02
-2.352031495938124976e+02
-2.467256492381760324e+02
-2.588012621193761902e+02
-2.714553793063571447e+02
-2.847144882037876528e+02
-2.986062167220741230e+02
-3.131593791058286911e+02
-3.284040234541303676e+02
-3.443714810675766671e+02
-3.610944175744911604e+02
-3.786068860411940022e+02
-3.969443819831981841e+02
-4.161439004675719957e+02
-4.362439953328291153e+02
-4.572848405485083845e+02
-4.793082939097904500e+02
-5.023579630189292970e+02
-5.264792737618281535e+02
-5.517195411917062984e+02
-5.781280431416465717e+02
-6.057560964347044319e+02
-6.346571359115682753e+02
-6.648867963652396611e+02
-6.965029973895467492e+02
-7.295660314163941393e+02
-7.641386548409730040e+02
-8.002861825494178447e+02
-8.380765857909902934e+02
-8.775805936777511533e+02
-9.188717982477162423e+02
-9.620267633928730220e+02
-1.007125137754655157e+03
-1.054249771524263906e+03
-1.103486837675280185e+03
-1.154925957353943431e+03
-1.208660329939031953e+03
-1.264786867575749284e+03
-1.323406334787938476e+03
-1.384623492977759724e+03
-1.448547249949443312e+03
-1.515290815166885750e+03
-1.584971860156279718e+03
-1.657712685029536942e+03
-1.733640390745244758e+03
-1.812887057596569321e+03
-1.895589930148297753e+03
-1.981891608651227671e+03
-2.071940247582853772e+03
-2.165889761116083719e+03
-2.263900035896410827e+03
-2.366137151635817645e+03
-2.472773609542385202e+03
-2.583988568939757442e+03
-2.699968092413476825e+03
-2.820905399656693589e+03
-2.947001130857458520e+03
-3.078463618833354303e+03
-3.215509171823383895e+03
-3.358362365828361817e+03
-3.507256347910072236e+03
-3.662433150141860551e+03
-3.824144015312359443e+03
-3.992649733872693105e+03
-4.168220993904406896e+03
-4.351138742950256528e+03
-4.541694563441905302e+03
-4.740191062186912859e+03
-4.946942273079933329e+03
-5.162274075493696728e+03
-5.386524627565290757e+03
-5.620044815421513704e+03
-5.863198718866633499e+03
-6.116364094096547888e+03
-6.379932874945773619e+03
-6.654311691535813225e+03
-6.939922409162950316e+03
-7.237202686605166491e+03
-7.546606555101039703e+03
-7.868605020135971245e+03
-8.203686683435946179e+03
-8.552358390680870798e+03
-8.915145902632326397e+03
-9.292594590752243676e+03
-9.685270160336540357e+03
-1.009375940071261175e+04
-1.051867096358132767e+04
-1.096063617173395323e+04
-1.142030985765238256e+04
-1.189837123586140660e+04
-1.239552480755564102e+04
-1.291250130091606297e+04
-1.345005864776861563e+04
-1.400898299792574653e+04
-1.459008977409262297e+04
-1.519422476732738141e+04
-1.582226527640872519e+04
-1.647512129109722082e+04
-1.715373672497466760e+04
-1.785909069405791524e+04
-1.859219884994700988e+04
-1.935411476475250311e+04
-2.014593137352560370e+04
-2.096878247323324467e+04
-2.182384428630734692e+04
-2.271233708618654055e+04
-2.363552689047808599e+04
-2.459472722520813841e+04
-2.559130096215634694e+04
-2.662666223519583218e+04
-2.770227843482877142e+04
-2.881967229202656745e+04
-2.998042404589677244e+04
-3.118617370992277938e+04
-3.243862343461187629e+04
-3.373953997115323727e+04
-3.509075725098761177e+04
-3.649417907024863234e+04
-3.795178189979346644e+04
-3.946561782290292467e+04
-4.103781760178472905e+04
-4.267059388847184164e+04
-4.436624457909783087e+04
-4.612715632918574556e+04
-4.795580823211291136e+04
-4.985477566674525588e+04
-5.182673433582572761e+04
-5.387446449321489490e+04
-5.600085537634720822e+04
-5.820890985895085032e+04
-6.050174933434255945e+04
-6.288261883305483207e+04
-6.535489240971899562e+04
-6.792207879805754055e+04
-7.058782736022846075e+04
-7.335593433656185516e+04
-7.623034943084555562e+04
-7.921518274317146279e+04
-8.231471207564769429e+04
-8.553339062498621934e+04
-8.887585511002913699e+04
-9.234693433395598549e+04
-9.595165824097501172e+04
-9.969526747640993563e+04
-1.035832234912387212e+05
-1.076212192576139932e+05
-1.118151905681144417e+05
-1.161713280562810833e+05
-1.206960899119411770e+05
-1.253962153737290355e+05
-1.302787390563587687e+05
-1.353510061891113874e+05
-1.406206888036374003e+05
-1.460958029567884805e+05
-1.517847270961727190e+05
-1.576962216253329243e+05
-1.638394497708581330e+05
-1.702239998940789956e+05
-1.768599093105827342e+05
-1.837576897867865337e+05
-1.909283548564267403e+05
-1.983834490763397189e+05
-2.061350794562841475e+05
-2.141959492083866789e+05
-2.225793940162869985e+05
-2.312994211410825665e+05
-2.403707515059244470e+05
-2.498088651934834197e+05
-2.596300504973186762e+05
-2.698514571128526586e+05
-2.804911536487927078e+05
-2.915681900965581881e+05
-3.031026656204669853e+05
-3.151158023479204858e+05
-3.276300257514177938e+05
-3.406690523058555555e+05
-3.542579853764413856e+05
-3.684234200835312367e+05
-3.831935583559736260e+05
-3.985983352915990399e+05
-4.146695581890615867e+05
-4.314410599205015460e+05
-4.489488682412592461e+05
-4.672313933882817510e+05
-4.863296360664242529e+05
-5.062874188020910369e+05
-5.271516437264066190e+05
-5.489725806795929093e+05
-5.718041898175735259e+05
-5.957044839718180010e+05
-6.207359367858261103e+05
-6.469659435961586423e+05
-6.744673438619038789e+05
-7.033190146815141197e+05
-7.336065480257305317e+05
-7.654230258011721307e+05
-7.988699104273580015e+05
-8.340580722339091590e+05
-8.711089797764464747e+05
-9.101560849643021356e+05
-9.513464430033867247e+05
-9.948426160184195032e+05
-1.040824922950404347e+06
-1.089494113671287894e+06
-1.141074567566231359e+06
-1.195818145096929977e+06
-1.254008859245439293e+06
-1.315968586164673092e+06
-1.382064105217031902e+06
-1.452715859403354116e+06
-1.528408966142007615e+06
-1.609707211763593834e+06
-1.697271056566579733e+06
-1.791881116039444460e+06
-1.894469249993706821e+06
-2.006160427725863410e+06
-2.128330194892899133e+06
-2.262685295704923104e+06
-2.411379654401264619e+06
-2.577186163045980502e+06
-2.763760023769522551e+06
-2.976059378904298879e+06
-3.221051701002798975e+06
-3.508976658941595815e+06
-3.855793186172030866e+06
-4.288462554035004228e+06
-4.858256862426053733e+06
-5.683522840040775016e+06
-7.170349387974732555e+06
nan
nan
nan
nan
nan
nan
nan
nan
nan
nan
nan
nan
nan
nan
nan
nan
nan
nan
nan
nan
nan
nan
nan
nan
nan
nan
nan
nan
nan
nan
nan
nan
nan
nan
nan
nan
nan
nan
nan
nan
nan
nan
nan
nan
nan
nan
nan
nan
nan
nan
nan
nan
nan
nan
nan
nan
nan
nan
nan
