2.397461358199956278e-03
2.476085537153977379e-03
2.557288249132850209e-03
2.641153586984638663e-03
2.727769673490850876e-03
2.817225988433753707e-03
2.909616233136548547e-03
3.005036402537189771e-03
3.103585652465228831e-03
3.205366901985268885e-03
3.310486184487343875e-03
3.419052509153801267e-03
3.531179480459755056e-03
3.646983658278744357e-03
3.766585434907400703e-03
3.890109659280087222e-03
4.017684765169594018e-03
4.149443659644533496e-03
4.285523352791981676e-03
4.426066114648020446e-03
4.571217604378786416e-03
4.721129542444215538e-03
4.875957852148462245e-03
5.035863324876570755e-03
5.201013306088686505e-03
5.371579088383202256e-03
5.547738616632403100e-03
5.729675157937066249e-03
5.917578251294432906e-03
6.111643650607422908e-03
6.312073276771427467e-03
6.519076186937234306e-03
6.732867527678578802e-03
6.953670023729095415e-03
7.181713703384298882e-03
7.417236137060752299e-03
7.660482437304086747e-03
7.911705759627607124e-03
8.171168077331191285e-03
8.439139189152601583e-03
8.715898514689649976e-03
9.001734124703786311e-03
9.296943544083105179e-03
9.601834318357337084e-03
9.916723825187998345e-03
1.024194010856727642e-02
1.057782172210124626e-02
1.092471858010317896e-02
1.128299156996586533e-02
1.165301418638357324e-02
1.203517165998660779e-02
1.242986186173308458e-02
1.283749572208061837e-02
1.325849790482361810e-02
1.369330675156926920e-02
1.414237498598114144e-02
1.460617043733916827e-02
1.508517577718795910e-02
1.557989002192318624e-02
1.609082830490161584e-02
1.661852240621369131e-02
1.716352232173857378e-02
1.772639531676492228e-02
1.830772753083247453e-02
1.890812458304651569e-02
1.952821120086386045e-02
2.016863362959155082e-02
2.083005829306340886e-02
2.151317450254911640e-02
2.221869290853344808e-02
2.294734900979911174e-02
2.369990089714900383e-02
2.447713256547508209e-02
2.527985346786786394e-02
2.610889910500923186e-02
2.696513316256924503e-02
2.784944739535406485e-02
2.876276205745769907e-02
2.970602887252996732e-02
3.068022976221064166e-02
3.168637937575524005e-02
3.272552539835062169e-02
3.379874988570647637e-02
3.490717039770707686e-02
3.605194116043720226e-02
3.723425452058465313e-02
3.845534118030466408e-02
3.971647324182046856e-02
4.101896377215168837e-02
4.236416917439847496e-02
4.375349009888940266e-02
4.518837340732036190e-02
4.667031317706328564e-02
4.820085275336676717e-02
4.978158586932109053e-02
5.141415879103672371e-02
5.310027129117787098e-02
5.484167942251293171e-02
5.664019659031440529e-02
5.849769544048494946e-02
6.041611057436342691e-02
6.239743929200822214e-02
6.444374519327364381e-02
6.655715881648532894e-02
6.873988136351524836e-02
7.099418573691566869e-02
7.332241916125725734e-02
7.572700637839484272e-02
7.821045092287302880e-02
8.077533948437272404e-02
8.342434284365358999e-02
8.616021915886801219e-02
8.898581759155166360e-02
9.190408077736388071e-02
9.491804737808273718e-02
9.803085601169916896e-02
1.012457480141813054e-01
1.045660713205930764e-01
1.079952837007365496e-01
1.115369556070607004e-01
1.151947756516198546e-01
1.189725526976622844e-01
1.228742203176087650e-01
1.269038419077946345e-01
1.310656134032985587e-01
1.353638686644877132e-01
1.398030837324522602e-01
1.443878812454713056e-01
1.491230352501171363e-01
1.540134771844666184e-01
1.590642990034805970e-01
1.642807607429912498e-01
1.696682942425995488e-01
1.752325098085827371e-01
1.809792018080312315e-01
1.869143539472490900e-01
1.930441472719471863e-01
1.993749645864770215e-01
2.059133983672477020e-01
2.126662576266068472e-01
2.196405737467532759e-01
2.268436095734837898e-01
2.342828659634658972e-01
2.419660896102312220e-01
2.499012811055805749e-01
2.580967035280213318e-01
2.665608910518096342e-01
2.753026578377423816e-01
2.843311067066067177e-01
2.936556393840037416e-01
3.032859655327375670e-01
3.132321133750791131e-01
3.235044403873873486e-01
3.341136430862862716e-01
3.450707694261730962e-01
3.563872288018608558e-01
3.680748054368092603e-01
3.801456701626652057e-01
3.926123920889333929e-01
4.054879534529389207e-01
4.187857613863825157e-01
4.325196633894651810e-01
4.467039607506547161e-01
4.613534239416913763e-01
4.764833072559800375e-01
4.921093656978030584e-01
5.082478711487493639e-01
5.249156283032752057e-01
5.421299939445297644e-01
5.599088935020870572e-01
5.782708397315782234e-01
5.972349535102461360e-01
6.168209822356915950e-01
6.370493203998200960e-01
6.579410323429663032e-01
6.795178724319221875e-01
7.018023084726153771e-01
7.248175453686969139e-01
7.485875485300709231e-01
7.731370695961595763e-01
7.984916719620304137e-01
8.246777571542819318e-01
8.517225920765084668e-01
8.796543384156776391e-01
9.085020812246501487e-01
9.382958589551488870e-01
9.690666952547500879e-01
1.000846631023059263e+00
1.033668758540117638e+00
1.067567253918087600e+00
1.102577415464383259e+00
1.138735697677386804e+00
1.176079750972257809e+00
1.214648460895144666e+00
1.254481987112809893e+00
1.295621806994298186e+00
1.338110757299224796e+00
1.381993080304036781e+00
1.427314468105948420e+00
1.474122111979100147e+00
1.522464749497801639e+00
1.572392717814273588e+00
1.623958003304377007e+00
1.677214297470274840e+00
1.732217052849905903e+00
1.789023539754303060e+00
1.847692906411092073e+00
1.908286240550430612e+00
1.970866632765521542e+00
2.035499242459848368e+00
2.102251365946608441e+00
2.171192505511934101e+00
2.242394442781339592e+00
2.315931312486122273e+00
2.391879680331729485e+00
2.470318622814208886e+00
2.551329808714946523e+00
2.634997584677909455e+00
2.721409062955574942e+00
2.810654211987365425e+00
2.902825949373139647e+00
2.998020240247087020e+00
3.096336195180988682e+00
3.197876174453844200e+00
3.302745894508277935e+00
3.411054537503839246e+00
3.522914865533648410e+00
3.638443336914353399e+00
3.757760228655250057e+00
3.880989760541625699e+00
4.008260224631026603e+00
4.139704119541286254e+00
4.275458286977880107e+00
4.415664054924496540e+00
4.560467384319086825e+00
4.710019021071250478e+00
4.864474652660708109e+00
5.023995070195026891e+00
5.188746335774636620e+00
5.358899955091729339e+00
5.534633055308883165e+00
5.716128570073025550e+00
5.903575429320102153e+00
6.097168755784424299e+00
6.297110067494582353e+00
6.503607487867989256e+00
6.716875962496824393e+00
6.937137480897042963e+00
7.164621309148317074e+00
7.399564227247126702e+00
7.642210775240743992e+00
7.892813508058852179e+00
8.151633256710285380e+00
8.418939400647889926e+00
8.695010147541093914e+00
8.980132821385330644e+00
9.274604161798650992e+00
9.578730632884553842e+00
9.892828739635325164e+00
1.021722535929428233e+01
1.055225807887758727e+01
1.089827554678917387e+01
1.125563783438803256e+01
1.162471681058781670e+01
1.200589652694321785e+01
1.239957361729847207e+01
1.280615770999291669e+01
1.322607185125585083e+01
1.365975294538901252e+01
1.410765220943062381e+01
1.457023563924456866e+01
1.504798449407092775e+01
1.554139579531145543e+01
1.605098284388073537e+01
1.657727575033763401e+01
1.712082198490248430e+01
1.768218694729260321e+01
1.826195455104314291e+01
1.886072782832849981e+01
1.947912955780294553e+01
2.011780290658936110e+01
2.077741209908546338e+01
2.145864310443838718e+01
2.216220434751017621e+01
2.288882744088832411e+01
2.363926794447167623e+01
2.441430614711781288e+01
2.521474787495333914e+01
2.604142532297086987e+01
2.689519791977408403e+01
2.777695321211728796e+01
2.868760778769045672e+01
2.962810822048328063e+01
3.059943204810391393e+01
3.160258878587488596e+01
3.263862096594780127e+01
3.370860521628655704e+01
3.481365337368599455e+01
3.595491363041988819e+01
3.713357171839777493e+01
3.835085213642246060e+01
3.960801941040123353e+01
4.090637939638016718e+01
4.224728063165596126e+01
4.363211572188627940e+01
4.506232277519332285e+01
4.653938688577719063e+01
4.806484165873999359e+01
4.964027079745489601e+01
5.126730972328497415e+01
5.294764726480726580e+01
5.468302738671943786e+01
5.647525099291549822e+01
5.832617776732072912e+01
6.023772808811051505e+01
6.221188499563849916e+01
6.425069623103100014e+01
6.635627633284323679e+01
6.853080880580961320e+01
7.077654835985559600e+01
7.309582321295310692e+01
7.549103747930000452e+01
7.796467362721080008e+01
8.051929501508595877e+01
8.315754851302081363e+01
8.588216720324227538e+01
8.869597316822952848e+01
9.160188037410912898e+01
9.460289763478863279e+01
9.770213168079274624e+01
1.009027903117560925e+02
1.042081856759669023e+02
1.076217376162441894e+02
1.111469771665898065e+02
1.147875501051721443e+02
1.185472206855430386e+02
1.224298754171611705e+02
1.264395270293685769e+02
1.305803185025488631e+02
1.348565272794504324e+02
1.392725695581723073e+02
1.438330047757330590e+02
1.485425401757513271e+02
1.534060355590413849e+02
1.584285081704275910e+02
1.636151377374378342e+02
1.689712716671922976e+02
1.745024304027024868e+02
1.802143129627442306e+02
1.861128026193064215e+02
1.922039727912674891e+02
1.984940930951258053e+02
2.049896355891419830e+02
2.116972812099905070e+02
2.186239264308069039e+02
2.257766900684366362e+02
2.331629203641374488e+02
2.407902022237149140e+02
2.486663647524826786e+02
2.567994889308938014e+02
2.651979155880591748e+02
2.738702536140879147e+02
2.828253883685467258e+02
2.920724904131138260e+02
3.016210244875742887e+02
3.114807587004283391e+02
3.216617740851046960e+02
3.321744743770570949e+02
3.430295960962774870e+02
3.542382189653619662e+02
3.658117766021306920e+02
3.777620675197198352e+02
3.901012664828404013e+02
4.028419362026108388e+02
4.159970393102721573e+02
4.295799507897207832e+02
4.436044706729882705e+02
4.580848371451129424e+02
4.730357400194502020e+02
4.884723346307228553e+02
5.044102561099003310e+02
5.208656340056940053e+02
5.378551074281200499e+02
5.553958405641712943e+02
5.735055386338567587e+02
5.922024642497772220e+02
6.115054543538203689e+02
6.314339374953733568e+02
6.520079516807993514e+02
6.732481626531559868e+02
6.951758826291192008e+02
7.178130897555884076e+02
7.411824477620773450e+02
7.653073264916524749e+02
7.902118226598743149e+02
8.159207813780218430e+02
8.424598181206769141e+02
8.698553414193761455e+02
8.981345758918564570e+02
9.273255860639322918e+02
9.574573007976598547e+02
9.885595381499415453e+02
1.020663031037187352e+03
1.053799453500620530e+03
1.088001447471511483e+03
1.123302650370973652e+03
1.159737723319199176e+03
1.197342379848403198e+03
1.236153415492751947e+03
1.276208738013276616e+03
1.317547398243334101e+03
1.360209621600316041e+03
1.404236840427562583e+03
1.449671727048438470e+03
1.496558227207468462e+03
1.544941594663099750e+03
1.594868426171524334e+03
1.646386697470771196e+03
1.699545799496658901e+03
1.754396575969813739e+03
1.810991361219127612e+03
1.869384018658245395e+03
1.929629980575820809e+03
1.991786287742580271e+03
2.055911630559736750e+03
2.122066390462108757e+03
2.190312681728338703e+03
2.260714394891617303e+03
2.333337239717582634e+03
2.408248789501313240e+03
2.485518525902980855e+03
2.565217884274008156e+03
2.647420299618467197e+03
2.732201252993406797e+03
2.819638319034459528e+03
2.909811213105416755e+03
3.002801839719322743e+03
3.098694341183938832e+03
3.197575146493139528e+03
3.299533020982394191e+03
3.404659116099582661e+03
3.513047019613293287e+03
3.624792806336756712e+03
3.739995088558897351e+03
3.858755067525539744e+03
3.981176584082777026e+03
4.107366170399400289e+03
4.237433101553043343e+03
4.371489446306487480e+03
4.509650119128246843e+03
4.652032931206365902e+03
4.798758642250508274e+03
4.949951010422591025e+03
5.105736844024771017e+03
5.266246051951795380e+03
5.431611692798923286e+03
5.601970025728838664e+03
5.777460558514099830e+03
5.958226096659128416e+03
6.144412791309746353e+03
6.336170185602210950e+03
6.533651261784060807e+03
6.737012486569019529e+03
6.946413854938763507e+03
7.162018934392794108e+03
7.383994907034982134e+03
7.612512610734261216e+03
7.847746578713088638e+03
8.089875079146063399e+03
8.339080151358642979e+03
8.595547642830426412e+03
8.859467241895918050e+03
9.131032511531615455e+03
9.410440920634098802e+03
9.697893872362406910e+03
9.993596732095231346e+03
1.029775885345595452e+04
1.061059360167832347e+04
1.093231837556483151e+04
1.126315462748695973e+04
1.160332788088103553e+04
1.195306774689725535e+04
1.231260793716952867e+04
1.268218627492992164e+04
1.306204470617543302e+04
1.345242930589225216e+04
1.385359028184236377e+04
1.426578197977574746e+04
1.468926288177803144e+04
1.512429560750295786e+04
1.557114690649374461e+04
1.603008765635121017e+04
1.650139285210056187e+04
1.698534159601471038e+04
1.748221708721373579e+04
1.799230660530304158e+04
1.851590149522516003e+04
1.905329714803954994e+04
1.960479298186724554e+04
2.017069241870871701e+04
2.075130286106232234e+04
2.134693566619095509e+04
2.195790612053214136e+04
2.258453340728763214e+04
2.322714057974295793e+04
2.388605452822158986e+04
2.456160594767389193e+04
2.525412930298467836e+04
2.596396279296389548e+04
2.669144831627251551e+04
2.743693143327072903e+04
2.820076132779730688e+04
2.898329076772202097e+04
2.978487606755664456e+04
3.060587704813049641e+04
3.144665699367262641e+04
3.230758261606771703e+04
3.318902401114586974e+04
3.409135461681953166e+04
3.501495117455795116e+04
3.596019368728570407e+04
3.692746538186332327e+04
3.791715265976153751e+04
3.892964506930795324e+04
3.996533525501187250e+04
4.102461892635259574e+04
4.210789481197405257e+04
4.321556462640439713e+04
4.434803303254236380e+04
4.550570760268899176e+04
4.668899877831504273e+04
4.789831984581852157e+04
4.913408689107782993e+04
5.039671877174463589e+04
5.168663707867919584e+04
5.300426611264656822e+04
5.435003284507582430e+04
5.572436688795652299e+04
5.712770046960789477e+04
5.856046840176082333e+04
6.002310805078341946e+04
6.151605931688957935e+04
6.303976459607346624e+04
6.459466876804997446e+04
6.618121915639880172e+04
6.779986552043264965e+04
6.945106001806152926e+04
7.113525718449117267e+04
7.285291391656373162e+04
7.460448944221451529e+04
7.639044530353983282e+04
7.821124532852973789e+04
8.006735561674850760e+04
8.195924451032138313e+04
8.388738257758066175e+04
8.585224258726809057e+04
8.785429948529941612e+04
8.989403037641682022e+04
9.197191450102088857e+04
9.408843320441893593e+04
9.624406992381320742e+04
9.843931015031298739e+04
1.006746414151624340e+05
1.029505532622159808e+05
1.052675372024245589e+05
1.076260867161022179e+05
1.100266971938110510e+05
1.124698659255252569e+05
1.149560920466157550e+05
1.174858765335816861e+05
1.200597221391731146e+05
1.226781333715126239e+05
1.253416164394494845e+05
1.280506792387250753e+05
1.308058312768604956e+05
1.336075836460522842e+05
1.364564489719458215e+05
1.393529413575249782e+05
1.422975763408069615e+05
1.452908708284675959e+05
1.483333430523803108e+05
1.514255124895220797e+05
1.545678998247780837e+05
1.577610268559776305e+05
1.610054164532436116e+05
1.643015924704446807e+05
1.676500796685389359e+05
1.710514036598838284e+05
1.745060907981632336e+05
1.780146681164456531e+05
1.815776632409691229e+05
1.851956042818643036e+05
1.888690197711133806e+05
1.925984385278044501e+05
1.963843896024700662e+05
2.002274021371571580e+05
2.041280052872978849e+05
2.080867280910712725e+05
2.121040993784749880e+05
2.161806476446289162e+05
2.203169009223796893e+05
2.245133866945022892e+05
2.287706317264367535e+05
2.330891619824357331e+05
2.374695024483208836e+05
2.419121770523542073e+05
2.464177084771628142e+05
2.509866180556422332e+05
2.556194256204788690e+05
2.603166493523847894e+05
2.650788056562285055e+05
2.699064089630335802e+05
2.747999716485859826e+05
2.797600038135554641e+05
2.847870131631768891e+05
2.898815048439211678e+05
2.950439812815227779e+05
3.002749420076944516e+05
3.055748835159414448e+05
3.109442990669368301e+05
3.163836785591369262e+05
3.218935083269756287e+05
3.274742709693798679e+05
3.331264452176422346e+05
3.388505057005986455e+05
3.446469228300758405e+05
3.505161625749668456e+05
3.564586863322485005e+05
3.624749507211293676e+05
3.685654073710164521e+05
3.747305028385175392e+05
3.809706783416279359e+05
3.872863696170758340e+05
3.936780067339023226e+05
4.001460139014264569e+05
4.066908093424318940e+05
4.133128050502134720e+05
4.200124066406750935e+05
4.267900131603885093e+05
4.336460169607066782e+05
4.405808034213652718e+05
4.475947508981679566e+05
4.546882304241383681e+05
4.618616056457766099e+05
4.691152325908010243e+05
4.764494594745812356e+05
4.838646266000228352e+05
4.913610661553497193e+05
4.989391020331116742e+05
5.065990496881990694e+05
5.143412159794493928e+05
5.221658989636238548e+05
5.300733878011071356e+05
5.380639625698426971e+05
5.461378941241903231e+05
5.542954439000204438e+05
5.625368638182565337e+05
5.708623961590487743e+05
5.792722733172667213e+05
5.877667177666692296e+05
5.963459418879428413e+05
6.050101477975695161e+05
6.137595272964391625e+05
6.225942616563350894e+05
6.315145215580026852e+05
6.405204669518478913e+05
6.496122469198321924e+05
6.587899995970389573e+05
6.680538520138172898e+05
6.774039200474089012e+05
6.868403082662632223e+05
6.963631098547559232e+05
7.059724065410987241e+05
7.156682684454950504e+05
7.254507540145020466e+05
7.353199099608040415e+05
7.452757711741004605e+05
7.553183605982367881e+05
7.654476891814966220e+05
7.756637558652576990e+05
7.859665474117876729e+05
7.963560383918705629e+05
8.068321911446771119e+05
8.173949556444389746e+05
8.280442695543889422e+05
8.387800580227440223e+05
8.496022338293071371e+05
8.605106971199439140e+05
8.715053355533152353e+05
8.825860241445940919e+05
8.937526252068910981e+05
9.050049884348880732e+05
9.163429507455247222e+05
9.277663362871109275e+05
9.392749564355730545e+05
9.508686096694623120e+05
9.625470816945098341e+05
9.743101452309365850e+05
9.861575601243998390e+05
9.980890731852883473e+05
1.010104418291704380e+06
1.022203316275443765e+06
1.034385474863030016e+06
1.046650588764058775e+06
1.058998339517530520e+06
1.071428395428039832e+06
1.083940411633620039e+06
1.096534030056007439e+06
1.109208879239414120e+06
1.121964574365388369e+06
1.134800717263529776e+06
1.147716896237747511e+06
1.160712686073767953e+06
1.173787647948757512e+06
1.186941329329913016e+06
1.200173263925566804e+06
1.213482971618760377e+06
1.226869958286115201e+06
1.240333715806425316e+06
1.253873721817403566e+06
1.267489439688429935e+06
1.281180318336929195e+06
1.294945792178707197e+06
1.308785280837358907e+06
1.322698189063472673e+06
1.336683906580330571e+06
1.350741807777663227e+06
1.364871251640370581e+06
1.379071581485352945e+06
1.393342124664145289e+06
1.407682192498471122e+06
1.422091079746307572e+06
1.436568064602337079e+06
1.451112408147221431e+06
1.465723354264416033e+06
1.480400129153697751e+06
1.495141941043410916e+06
1.509947979739238042e+06
1.524817416314478032e+06
1.539749402691439958e+06
1.554743071128146257e+06
1.569797533817170653e+06
1.584911882336973911e+06
1.600085187224788591e+06
1.615316497272061650e+06
1.630604839201001683e+06
1.645949216731016757e+06
1.661348610228010220e+06
1.676801975966571132e+06
1.692308245252995985e+06
1.707866323962745257e+06
1.723475091537062079e+06
1.739133400390731636e+06
1.754840074852624675e+06
1.770593910264996579e+06
1.786393672409134451e+06
1.802238096009915927e+06
1.818125884153146995e+06
1.834055706864177249e+06
1.850026200229139067e+06
1.866035965166299138e+06
1.882083566083120648e+06
1.898167529660033993e+06
1.914286343554907711e+06
1.930438454877826152e+06
1.946622268770226277e+06
1.962836146832007915e+06
1.979078405491228448e+06
1.995347314348793589e+06
2.011641094400754431e+06
2.027957916091656545e+06
2.044295897363936529e+06
2.060653101745192427e+06
2.077027536073215539e+06
2.093417148256246001e+06
2.109819824964863714e+06
2.126233389117508661e+06
2.142655597506402060e+06
2.159084137617874891e+06
2.175516625269555021e+06
2.191950601340823807e+06
2.208383528680010699e+06
2.224812788850442972e+06
2.241235678659451660e+06
2.257649406533361413e+06
2.274051088610249106e+06
2.290437744817341212e+06
2.306806294417349156e+06
2.323153552054152824e+06
2.339476222362498287e+06
2.355770895504470449e+06
2.372034041892632842e+06
2.388262006451435853e+06
2.404451003000688739e+06
2.420597108186884318e+06
2.436696254730478860e+06
2.452744224719067104e+06
2.468736642480875831e+06
2.484668966602461413e+06
2.500536482047443744e+06
2.516334291408535093e+06
2.532057305827977601e+06
2.547700235149168875e+06
2.563257577731714584e+06
2.578723609499716200e+06
2.594092372020619456e+06
2.609357660356265493e+06
2.624513009712495841e+06
2.639551681176383048e+06
2.654466646801964380e+06
2.669250573407180607e+06
2.683895805368352216e+06
2.698394345992275048e+06
2.712737837970808614e+06
2.726917541893888731e+06
2.740924313804730307e+06
2.754748580243218690e+06
2.768380312255986035e+06
2.781808996765807271e+06
2.795023606058758218e+06
2.808012564598794095e+06
2.820763713218506891e+06
2.833264270399587695e+06
2.845500790512891021e+06
2.857459117724380922e+06
2.869124336799764074e+06
2.880480719083374366e+06
2.891511663560202345e+06
2.902199632645278238e+06
2.912526081948541105e+06
2.922471383059686981e+06
2.932014739226456732e+06
2.941134092568221036e+06
2.949806021195526235e+06
2.958005626749083865e+06
2.965706409206336830e+06
2.972880128191781230e+06
2.979496649567645043e+06
2.985523773967489135e+06
2.990927045722650364e+06
2.995669538969041314e+06
2.999711618157962803e+06
3.003010668197229039e+06
3.005520790528189857e+06
3.007192458724613767e+06
3.007972128550635651e+06
3.007801792905237526e+06
3.006618474412509240e+06
3.004353642487332691e+06
3.000932543199997861e+06
2.996273423716143239e+06
2.990286632624728605e+06
2.982873569856081624e+06
2.973925456308694091e+06
2.963321883400058374e+06
2.950929095112561714e+06
2.936597938991358969e+06
2.920161407938331366e+06
2.901431670265371911e+06
2.880196454024179373e+06
2.856214609205602203e+06
2.829210613424720243e+06
2.798867702946236823e+06
2.764819194404561538e+06
2.726637392451265361e+06
2.683819229968182743e+06
2.635767410583002493e+06
2.581765248595037498e+06
2.520942492818076629e+06
2.452227952348902356e+06
2.374282283985623624e+06
2.285400042264306918e+06
2.183362388246013783e+06
2.065207213211683556e+06
1.926853930994770024e+06
1.762456325234988239e+06
1.563205759276899509e+06
1.314906482109397883e+06
9.924068892422493082e+05
5.442006648682125378e+05
-1.658500660545449646e+05
-1.826017768184927059e+06
nan
nan
nan
nan
nan
nan
nan
nan
nan
nan
nan
nan
nan
nan
nan
nan
nan
nan
nan
nan
nan
nan
nan
nan
nan
nan
nan
nan
nan
nan
nan
nan
nan
nan
nan
nan
nan
nan
nan
nan
nan
nan
nan
nan
nan
nan
nan
nan
nan
nan
nan
nan
nan
nan
nan
nan
nan
nan
nan
nan
nan
nan
nan
nan
nan
nan
nan
nan
nan
nan
nan
nan
nan
nan
nan
nan
nan
nan
nan
nan
nan
nan
nan
nan
nan
nan
nan
nan
nan
nan
nan
nan
nan
nan
nan
nan
nan
nan
nan
nan
nan
nan
nan
nan
nan
nan
nan
nan
nan
nan
nan
nan
nan
nan
nan
nan
nan
nan
