-4.210602982786226533e-10
-6.157967475029414756e-10
-6.339111464111557206e-10
-4.695783768377626194e-10
-6.273876980480061961e-10
-5.880793637291345591e-10
-5.997564675073735251e-10
-6.593947618635025130e-10
-7.603431227018207839e-10
-6.372917758724864588e-10
-7.933964606710953728e-10
-7.134843837843372109e-10
-6.435683109265286237e-10
-8.271188191306826518e-10
-7.521481228963107040e-10
-9.171119433668646737e-10
-8.035014890840854338e-10
-9.100649139361970670e-10
-9.748726287943357596e-10
-9.909666439191447937e-10
-9.406446752278421556e-10
-1.074915714091009038e-09
-1.123573902820152234e-09
-1.076286617770878996e-09
-1.180262778944258210e-09
-1.166680532675826330e-09
-1.275814790043674308e-09
-1.242246530953326872e-09
-1.310984435416533377e-09
-1.211407866423720480e-09
-1.430163102806024637e-09
-1.456820446055746082e-09
-1.527104003074890964e-09
-1.373507090393134759e-09
-1.480423566369458716e-09
-1.583504665904731028e-09
-1.664029364271445844e-09
-1.703850844086353583e-09
-1.690887658398715706e-09
-1.853982307714585782e-09
-1.921945498791983964e-09
-1.876106166939209373e-09
-1.948600844376475403e-09
-2.120502671025612113e-09
-2.111489214956848503e-09
-2.160878597047274223e-09
-2.239261675511427674e-09
-2.323109493796599632e-09
-2.388356191480042834e-09
-2.410314405304594993e-09
-2.616675112457774496e-09
-2.724469997496290758e-09
-2.707780903914654798e-09
-2.788445046981989655e-09
-2.940610439483052378e-09
-2.873841850002877600e-09
-3.070463459143089555e-09
-3.237419243012983564e-09
-3.344048172365127501e-09
-3.354009983043967987e-09
-3.485629144682090403e-09
-3.697124634205604502e-09
-3.701396330162965382e-09
-3.962619153286713500e-09
-3.933731818425447706e-09
-4.076881534973673738e-09
-4.348802467584359805e-09
-4.451471010473320900e-09
-4.589932921826439473e-09
-4.716976189528517148e-09
-4.781628476154637108e-09
-4.983492782511161625e-09
-5.270755222098940107e-09
-5.335065338650558835e-09
-5.624847984987910433e-09
-5.576011720911952430e-09
-5.884978133489328469e-09
-5.983957851673329945e-09
-6.313832873058031786e-09
-6.554376019621319938e-09
-6.637109845321351891e-09
-6.994199986861407775e-09
-7.049457569875637433e-09
-7.481299472624530885e-09
-7.707514971057439575e-09
-7.900588314333245227e-09
-8.226263809612091893e-09
-8.347906292764895647e-09
-8.678401267396018276e-09
-8.874514847783801252e-09
-9.344994736518158189e-09
-9.488145351017984217e-09
-9.956796925836297424e-09
-1.014231787147647770e-08
-1.044065435269164289e-08
-1.074036662325158375e-08
-1.117610075535133758e-08
-1.162904889649987968e-08
-1.197773932526795010e-08
-1.234473999749092681e-08
-1.284919871600161564e-08
-1.310711775889474905e-08
-1.373015385052549769e-08
-1.407170910514594696e-08
-1.448427999931283537e-08
-1.506764804950188918e-08
-1.540813594126265751e-08
-1.609633547251875395e-08
-1.645976435109372465e-08
-1.707748626315464168e-08
-1.751621224857083553e-08
-1.809116215986632339e-08
-1.886126330049348818e-08
-1.937450169089184290e-08
-1.992731753685693205e-08
-2.081136886994207337e-08
-2.130052298069942465e-08
-2.217592834866689489e-08
-2.269924380864180593e-08
-2.363259816453369311e-08
-2.422456005558959664e-08
-2.522136944059528479e-08
-2.585212476170968592e-08
-2.684955854765510802e-08
-2.767410041670527884e-08
-2.853582788068095323e-08
-2.963479358099275343e-08
-3.040368754126003046e-08
-3.152575100396885616e-08
-3.241338222329876605e-08
-3.347664873586160957e-08
-3.460857389238174984e-08
-3.594592740092788796e-08
-3.710465426895159145e-08
-3.819311800231611349e-08
-3.956327352949331115e-08
-4.079458058413047145e-08
-4.220623116920324039e-08
-4.360308738197596753e-08
-4.502560575391371064e-08
-4.650041631167544739e-08
-4.778390304293230676e-08
-4.937316919599975701e-08
-5.099538768727251655e-08
-5.286024169237392164e-08
-5.440669349570804963e-08
-5.631194342462707936e-08
-5.823107428080938593e-08
-6.004726684224316822e-08
-6.212793609724755321e-08
-6.406671800716776154e-08
-6.618675717311504624e-08
-6.828886028174604662e-08
-7.065168642932647324e-08
-7.277774518248581681e-08
-7.514910438032618443e-08
-7.771999890547467678e-08
-8.016674123528664747e-08
-8.289360377725963078e-08
-8.552166185701534062e-08
-8.839857537697686029e-08
-9.133707950557795325e-08
-9.437370208242241981e-08
-9.751011669297701835e-08
-1.007168195944531947e-07
-1.039303802384053576e-07
-1.073021848290872136e-07
-1.109492493358529705e-07
-1.144481897939027436e-07
-1.183394944831123523e-07
-1.221231367500997191e-07
-1.260086919118669577e-07
-1.301640975144424508e-07
-1.344618649450480658e-07
-1.389799891729197422e-07
-1.434990936573334600e-07
-1.482543749529151944e-07
-1.531784012402575295e-07
-1.581523111795691209e-07
-1.632571542003754310e-07
-1.685151762010402264e-07
-1.741462769164837181e-07
-1.798077091417368762e-07
-1.858517108031002028e-07
-1.918105598094413185e-07
-1.981590329877804199e-07
-2.045511991045968134e-07
-2.113274137213881161e-07
-2.182506975725331000e-07
-2.255148973206679746e-07
-2.327355498250535859e-07
-2.404549175567501057e-07
-2.483795691007715920e-07
-2.566340366586201745e-07
-2.650070804786809345e-07
-2.736989755067684931e-07
-2.825689668632387287e-07
-2.918792411339229400e-07
-3.015441889186737073e-07
-3.113799382994798935e-07
-3.215959882352354220e-07
-3.320413961412140861e-07
-3.429602174665890402e-07
-3.542256699976282869e-07
-3.658443774977014137e-07
-3.779515588745693066e-07
-3.903013881328015842e-07
-4.030198300582528219e-07
-4.163517248073124485e-07
-4.298917333695746957e-07
-4.441009460328980219e-07
-4.585352752599310531e-07
-4.735997796021308387e-07
-4.890380531208019018e-07
-5.051821799101881384e-07
-5.216913622852187828e-07
-5.388027442411097632e-07
-5.565725722273066113e-07
-5.748683041280891699e-07
-5.936143280019082689e-07
-6.130388875636628673e-07
-6.331620739282899715e-07
-6.540443587238355835e-07
-6.752677113647073922e-07
-6.974518370154165109e-07
-7.204729581243108485e-07
-7.439626956105576354e-07
-7.683125899491176199e-07
-7.936515651928541312e-07
-8.195871996322480494e-07
-8.464606923241546314e-07
-8.743251699647698585e-07
-9.029371781333402884e-07
-9.325063221764881314e-07
-9.631763117717216447e-07
-9.947666476248937060e-07
-1.027263092270812786e-06
-1.061060428023189556e-06
-1.095944028733729590e-06
-1.131828063271275595e-06
-1.169004643463038561e-06
-1.207368297520062302e-06
-1.246909632038788684e-06
-1.287701116599701227e-06
-1.329883507044409895e-06
-1.373652254826171683e-06
-1.418736323315021307e-06
-1.465144747920692590e-06
-1.513143135952949175e-06
-1.562737319581798601e-06
-1.614163270034865252e-06
-1.667108923919108848e-06
-1.721705910265716581e-06
-1.778259606832858476e-06
-1.836476115893191564e-06
-1.896696666033534206e-06
-1.958877353384009489e-06
-2.023062896328456330e-06
-2.089371665405067546e-06
-2.157972880698100214e-06
-2.228806378104194583e-06
-2.301815950496634237e-06
-2.377428714460301495e-06
-2.455261512898894825e-06
-2.535871235212399536e-06
-2.618953525396398831e-06
-2.704831015828111380e-06
-2.793665836274123351e-06
-2.885181760335351180e-06
-2.979886737143731015e-06
-3.077536905209625524e-06
-3.178607539945912052e-06
-3.282755554078876622e-06
-3.390535723819266858e-06
-3.501616297259118177e-06
-3.616491195976559479e-06
-3.734936774403965904e-06
-3.857482179185258559e-06
-3.984108785058760051e-06
-4.114707543871556786e-06
-4.249542473636083572e-06
-4.388953367165509987e-06
-4.533053457540539895e-06
-4.681684040550633377e-06
-4.835117161675519342e-06
-4.993755690451164833e-06
-5.157569804233491954e-06
-5.326551991701460148e-06
-5.501411251936226164e-06
-5.681752155172667396e-06
-5.868029483170755794e-06
-6.060475754245663873e-06
-6.259290488469069645e-06
-6.464572874627912697e-06
-6.676500019029453571e-06
-6.895513364331479644e-06
-7.121736695704864985e-06
-7.355152634186388992e-06
-7.596279577701165766e-06
-7.845588417490014191e-06
-8.102907420651151688e-06
-8.368603908716918524e-06
-8.642984413166255819e-06
-8.926456330090024973e-06
-9.219180283780384496e-06
-9.521472612373662217e-06
-9.833705665593198435e-06
-1.015619994211862470e-05
-1.048937005406057292e-05
-1.083335801317048355e-05
-1.118867226396410814e-05
-1.155556489617229803e-05
-1.193466224271487918e-05
-1.232608352874746676e-05
-1.273031113856434022e-05
-1.314780967548534414e-05
-1.357887417423547541e-05
-1.402425145185392006e-05
-1.448422378875023874e-05
-1.495922100440267547e-05
-1.544989751668841160e-05
-1.595647124916912688e-05
-1.647981248151390762e-05
-1.702025337885898075e-05
-1.757842181956789892e-05
-1.815504240714510523e-05
-1.875024432582161711e-05
-1.936537422776761844e-05
-2.000051964256766886e-05
-2.065631236484298273e-05
-2.133370057303014066e-05
-2.203347626213278651e-05
-2.275603166883756947e-05
-2.350237923197126156e-05
-2.427313788737217744e-05
-2.506928727163815202e-05
-2.589138977055701642e-05
-2.674057307067597737e-05
-2.761748694468866609e-05
-2.852326838253937196e-05
-2.945873100868910232e-05
-3.042505186075899123e-05
-3.142294724152907545e-05
-3.245334039733950235e-05
-3.351776659491598914e-05
-3.461700887914612721e-05
-3.575248924016061718e-05
-3.692512620054468715e-05
-3.813595157449910179e-05
-3.938695244396652173e-05
-4.067864077119824661e-05
-4.201288894882645921e-05
-4.339071104144484224e-05
-4.481381997860684374e-05
-4.628363560195662295e-05
-4.780154573051616847e-05
-4.936940482128944041e-05
-5.098874621579665381e-05
-5.266098912619761535e-05
-5.438814352545435403e-05
-5.617221191014977748e-05
-5.801459730783564949e-05
-5.991723857043128917e-05
-6.188246991510674673e-05
-6.391211015243336536e-05
-6.600853479688437143e-05
-6.817346452849130164e-05
-7.040975347321876382e-05
-7.271912167492471286e-05
-7.510414348243789036e-05
-7.756769764340999890e-05
-8.011187799337011149e-05
-8.273965443075975473e-05
-8.545347835089942847e-05
-8.825638820481946289e-05
-9.115130241488746577e-05
-9.414131097496342333e-05
-9.722916039618027893e-05
-1.004184846347303228e-04
-1.037124671487187549e-04
-1.071144992279425188e-04
-1.106280297324310747e-04
-1.142568950543309836e-04
-1.180050969746524624e-04
-1.218760410566783987e-04
-1.258739990343080584e-04
-1.300030079649794606e-04
-1.342677453258287856e-04
-1.386723363000571683e-04
-1.432213872806221663e-04
-1.479197030857092455e-04
-1.527722154805006237e-04
-1.577841072371883734e-04
-1.629603748740064012e-04
-1.683065968580301603e-04
-1.738281410352515688e-04
-1.795310628481468793e-04
-1.854209415526565576e-04
-1.915041575842751660e-04
-1.977873517833809850e-04
-2.042765654636373202e-04
-2.109785696287923078e-04
-2.179008666272838895e-04
-2.250503659229736390e-04
-2.324344920407466386e-04
-2.400609530520734060e-04
-2.479376916154070291e-04
-2.560732398035710971e-04
-2.644759925950779808e-04
-2.731543844220083936e-04
-2.821177462713724666e-04
-2.913755388292258884e-04
-3.009372492376930202e-04
-3.108129470350610947e-04
-3.210127072425140874e-04
-3.315477163717477993e-04
-3.424287181181289081e-04
-3.536671287373034786e-04
-3.652745214129324292e-04
-3.772632368197498145e-04
-3.896456123317280614e-04
-4.024348386519888544e-04
-4.156444275336442905e-04
-4.292877735789617775e-04
-4.433793505873817554e-04
-4.579339807559497009e-04
-4.729669679358366368e-04
-4.884940571246594023e-04
-5.045312341260601305e-04
-5.210953599834061050e-04
-5.382041259139982211e-04
-5.558753207693123161e-04
-5.741274131453197272e-04
-5.929794499452032634e-04
-6.124514880604382773e-04
-6.325635847241348284e-04
-6.533370570354291506e-04
-6.747937933518302232e-04
-6.969563095398702843e-04
-7.198478439552835010e-04
-7.434924487684825556e-04
-7.679148231307520020e-04
-7.931406565212677012e-04
-8.191969352856725943e-04
-8.461104741608563729e-04
-8.739099332461630447e-04
-9.026245097181370388e-04
-9.322843458287550849e-04
-9.629208688262160800e-04
-9.945662939959897756e-04
-1.027253806864601498e-03
-1.061018399527893135e-03
-1.095895071448765032e-03
-1.131920954099196368e-03
-1.169134017444370226e-03
-1.207573648657669224e-03
-1.247280317334107259e-03
-1.288296333230395507e-03
-1.330664638257452381e-03
-1.374430696232031282e-03
-1.419640373187699934e-03
-1.466341616113949918e-03
-1.514584135124031131e-03
-1.564419062280559235e-03
-1.615899345801130853e-03
-1.669079343325135210e-03
-1.724016111382366311e-03
-1.780767846627294470e-03
-1.839394742032844730e-03
-1.899959474525368978e-03
-1.962526794498273188e-03
-2.027162949246192388e-03
-2.093937196761806209e-03
-2.162921097224842267e-03
-2.234188064453493990e-03
-2.307814705728821348e-03
-2.383879585705887209e-03
-2.462464236472494510e-03
-2.543653296476763599e-03
-2.627533575131962059e-03
-2.714195722640472177e-03
-2.803732733161569401e-03
-2.896241267254619830e-03
-2.991820734720949081e-03
-3.090574649309981662e-03
-3.192609661239572110e-03
-3.298036299693562785e-03
-3.406968589083077693e-03
-3.519525032731347491e-03
-3.635827906566535279e-03
-3.756003587104245374e-03
-3.880182876496307640e-03
-4.008501534999308127e-03
-4.141099424562971233e-03
-4.278122091994513224e-03
-4.419719338241012360e-03
-4.566046633234242640e-03
-4.717264935605269133e-03
-4.873540995396330455e-03
-5.035046724878306304e-03
-5.201961186349683686e-03
-5.374468788096970796e-03
-5.552761249393688668e-03
-5.737036392535383583e-03
-5.927499844250653897e-03
-6.124364189823919800e-03
-6.327849385811923182e-03
-6.538183559826998489e-03
-6.755603097277767220e-03
-6.980353028513693048e-03
-7.212687059646262500e-03
-7.452867974265578975e-03
-7.701168291174066184e-03
-7.957870654599812424e-03
-8.223267773989873311e-03
-8.497662942244360237e-03
-8.781371212773751364e-03
-9.074718669053382855e-03
-9.378044198788782621e-03
-9.691698408068721501e-03
-1.001604558848834779e-02
-1.035146338797943155e-02
-1.069834430016180019e-02
-1.105709438423522865e-02
-1.142813633550271088e-02
-1.181190807254730094e-02
-1.220886439452358203e-02
-1.261947793262688591e-02
-1.304423868152006921e-02
-1.348365649407348363e-02
-1.393826016461912828e-02
-1.440859925833853569e-02
-1.489524538821405432e-02
-1.539879172074896940e-02
-1.591985513832312044e-02
-1.645907726766051779e-02
-1.701712462909777193e-02
-1.759469078037249543e-02
-1.819249674838486694e-02
-1.881129327852349570e-02
-1.945186058031493984e-02
-2.011501118186459491e-02
-2.080159067088004424e-02
-2.151247915391726190e-02
-2.224859380058715266e-02
-2.301088877260259319e-02
-2.380035856957386092e-02
-2.461803937462262240e-02
-2.546501075936626057e-02
-2.634239825542656135e-02
-2.725137507972941880e-02
-2.819316443592633295e-02
-2.916904260427579526e-02
-3.018034072486599703e-02
-3.122844800331233198e-02
-3.231481365343549100e-02
-3.344095152020627043e-02
-3.460844172659541945e-02
-3.581893461605014511e-02
-3.707415413662247528e-02
-3.837590207437053397e-02
-3.972606106310843516e-02
-4.112659958494471052e-02
-4.257957575392586763e-02
-4.408714236795426705e-02
-4.565155136552008497e-02
-4.727515945310736822e-02
-4.896043326298241821e-02
-5.070995504391869607e-02
-5.252642935601814500e-02
-5.441268872120755967e-02
-5.637170128025171395e-02
-5.840657725537078820e-02
-6.052057761901156324e-02
-6.271712040597703097e-02
-6.499979184879479954e-02
-6.737235312185239910e-02
-6.983875163052427615e-02
-7.240312980188361169e-02
-7.506983743894730943e-02
-7.784344186720296155e-02
-8.072874071221494696e-02
-8.373077471451507992e-02
-8.685484128367897128e-02
-9.010650906830379447e-02
-9.349163278244661257e-02
-9.701637059141975106e-02
-1.006872004424028411e-01
-1.045109381079347005e-01
-1.084947573419686589e-01
-1.126462107260731843e-01
-1.169732503577883137e-01
-1.214842517353281193e-01
-1.261880389943325353e-01
-1.310939093222064922e-01
-1.362116624186935077e-01
-1.415516290881087824e-01
-1.471247027667529350e-01
-1.529423726104450210e-01
-1.590167580963192384e-01
-1.653606477858298451e-01
-1.719875381533412240e-01
-1.789116756633165606e-01
-1.861481025129031741e-01
-1.937127033851377134e-01
-2.016222560022654653e-01
-2.098944856698135575e-01
-2.185481221299913901e-01
-2.276029592105544008e-01
-2.370799209342441816e-01
-2.470011290043455932e-01
-2.573899757413123379e-01
-2.682712014546325685e-01
-2.796709771568810510e-01
-2.916169909554530704e-01
-3.041385419971242010e-01
-3.172666382324076939e-01
-3.310341023372181390e-01
-3.454756816488857019e-01
-3.606281683469797494e-01
-3.765305247096321639e-01
-3.932240164559379636e-01
-4.107523558864482616e-01
-4.291618524883172858e-01
-4.485015747430680655e-01
-4.688235195957579093e-01
-4.901827949934263184e-01
-5.126378125206529912e-01
-5.362504936689338475e-01
-5.610864863457125651e-01
-5.872153978798919649e-01
-6.147110414705498904e-01
-6.436516968130598926e-01
-6.741203904999415464e-01
-7.062051901822596900e-01
-7.399995196672606301e-01
-7.756024936394859681e-01
-8.131192714818001877e-01
-8.526614353326422702e-01
-8.943473919673059491e-01
-9.383027971948898482e-01
-9.846610100202052296e-01
-1.033563573040666927e+00
-1.085160723242521996e+00
-1.139611936518525548e+00
-1.197086501993895213e+00
-1.257764137368763357e+00
-1.321835638078015629e+00
-1.389503569322517729e+00
-1.460982999988892139e+00
-1.536502282741649239e+00
-1.616303881078536175e+00
-1.700645250824157406e+00
-1.789799770505893228e+00
-1.884057735481923679e+00
-1.983727408010559357e+00
-2.089136135624188206e+00
-2.200631535897246582e+00
-2.318582754821957970e+00
-2.443381801382338292e+00
-2.575444966120258972e+00
-2.715214322684946335e+00
-2.863159323857735306e+00
-3.019778493513103346e+00
-3.185601220414054691e+00
-3.361189661802900908e+00
-3.547140762301002059e+00
-3.744088393907152756e+00
-3.952705624902412840e+00
-4.173707126277080626e+00
-4.407851718892998427e+00
-4.655945079234289352e+00
-4.918842601579997087e+00
-5.197452431805534623e+00
-5.492738681810525492e+00
-5.805724835784743298e+00
-6.137497357268416387e+00
-6.489209506906415292e+00
-6.862085386667493125e+00
-7.257424222493608745e+00
-7.676604896273438783e+00
-8.121090741299617832e+00
-8.592434619498266812e+00
-9.092284291126865980e+00
-9.622388097247787542e+00
-1.018460096556876415e+01
-1.078089077158182185e+01
-1.141334505250195619e+01
-1.208417811263474917e+01
-1.279573853470182776e+01
-1.355051711171311091e+01
-1.435115523210861710e+01
-1.520045374030751795e+01
-1.610138229061785609e+01
-1.705708922554706319e+01
-1.807091201371832057e+01
-1.914638825668561850e+01
-2.028726731763252289e+01
-2.149752258264885896e+01
-2.278136440054895573e+01
-2.414325373720836865e+01
-2.558791656530995340e+01
-2.712035904503412098e+01
-2.874588351931562258e+01
-3.047010538217361386e+01
-3.229897084265848406e+01
-3.423877564127531770e+01
-3.629618477011743494e+01
-3.847825322839309337e+01
-4.079244787951098061e+01
-4.324667045589419700e+01
-4.584928175997014677e+01
-4.860912714327915296e+01
-5.153556327739723741e+01
-5.463848633368102981e+01
-5.792836158743245534e+01
-6.141625455023416436e+01
-6.511386366581547236e+01
-6.903355467751705987e+01
-7.318839671070267627e+01
-7.759220017143921666e+01
-8.225955651141424596e+01
-8.720587999055243245e+01
-9.244745147247499517e+01
-9.800146437462154836e+01
-1.038860728593168972e+02
-1.101204423497756721e+02
-1.167248024906920705e+02
-1.237205026464185664e+02
-1.311300700248604016e+02
-1.389772705770303958e+02
-1.472871727638028574e+02
-1.560862142857791071e+02
-1.654022719498205163e+02
-1.752647347402611047e+02
-1.857045802894309077e+02
-1.967544548075046293e+02
-2.084487566778572898e+02
-2.208237238138736132e+02
-2.339175249466230753e+02
-2.477703550020628995e+02
-2.624245346981961688e+02
-2.779246145530026411e+02
-2.943174834442842780e+02
-3.116524819193094800e+02
-3.299815204276954432e+02
-3.493592026062830200e+02
-3.698429539154438999e+02
-3.914931557187382509e+02
-4.143732850300377777e+02
-4.385500602043791787e+02
-4.640935926634847988e+02
-4.910775450227260990e+02
-5.195792956796875615e+02
-5.496801102556710248e+02
-5.814653200410318732e+02
-6.150245077059058758e+02
-6.504517005449894214e+02
-6.878455715377468778e+02
-7.273096484652888876e+02
-7.689525313615853293e+02
-8.128881186652555471e+02
-8.592358422762594046e+02
-9.081209118521632035e+02
-9.596745687962762759e+02
-1.014034350013051721e+03
-1.071344362056520140e+03
-1.131755565773720491e+03
-1.195426072083660983e+03
-1.262521449042790209e+03
-1.333215040592097239e+03
-1.407688297725449502e+03
-1.486131122005877160e+03
-1.568742222298727711e+03
-1.655729484906660900e+03
-1.747310357774275417e+03
-1.843712249146682325e+03
-1.945172941130738764e+03
-2.051941018920617807e+03
-2.164276315874522879e+03
-2.282450375559797067e+03
-2.406746930849602904e+03
-2.537462400654801513e+03
-2.674906405863665896e+03
-2.819402303564190333e+03
-2.971287742110237104e+03
-3.130915235886890059e+03
-3.298652762289490965e+03
-3.474884380238461745e+03
-3.660010872171789288e+03
-3.854450409758202568e+03
-4.058639244132753902e+03
-4.273032422385280370e+03
-4.498104530382554003e+03
-4.734350463284505167e+03
-4.982286225366309736e+03
-5.242449759136113244e+03
-5.515401806155105078e+03
-5.801726799732822656e+03
-6.102033792132921008e+03
-6.416957415178733754e+03
-6.747158879526840792e+03
-7.093327009678018840e+03
-7.456179320142006873e+03
-7.836463131652425545e+03
-8.234956731032903917e+03
-8.652470574749206207e+03
-9.089848540895060069e+03
-9.547969227101841170e+03
-1.002774730150605683e+04
-1.053013490549323433e+04
-1.105612311211324595e+04
-1.160674344102369469e+04
-1.218306943683207282e+04
-1.278621830615044200e+04
-1.341735262414989484e+04
-1.407768210911672031e+04
-1.476846546733334071e+04
-1.549101231810585705e+04
-1.624668519282288617e+04
-1.703690161963173887e+04
-1.786313629755298462e+04
-1.872692335727251702e+04
-1.962985872012750042e+04
-2.057360256101029881e+04
-2.155988187007258966e+04
-2.259049313372236793e+04
-2.366730512593612002e+04
-2.479226182722813610e+04
-2.596738547267151080e+04
-2.719477973437639594e+04
-2.847663304865592363e+04
-2.981522210010583876e+04
-3.121291545586492794e+04
-3.267217738085823294e+04
-3.419557182282888243e+04
-3.578576659044944972e+04
-3.744553772967393161e+04
-3.917777411439551361e+04
-4.098548225899485988e+04
-4.287179136592964642e+04
-4.483995862977854995e+04
-4.689337480801846687e+04
-4.903557006713110604e+04
-5.127022014213132206e+04
-5.360115280632001668e+04
-5.603235468964382017e+04
-5.856797844772059761e+04
-6.121235033200630278e+04
-6.396997816035025608e+04
-6.684555973450851161e+04
-6.984399171549876337e+04
-7.297037901422705909e+04
-7.623004471295504482e+04
-7.962854054869651736e+04
-8.317165802951861406e+04
-8.686544020056074078e+04
-9.071619411454678630e+04
-9.473050406107207527e+04
-9.891524562082497869e+04
-1.032776005875921546e+05
-1.078250728316536843e+05
-1.125655052063322801e+05
-1.175070975122125237e+05
-1.226584256983486266e+05
-1.280284622946153104e+05
-1.336265982866093691e+05
-1.394626664419405861e+05
-1.455469663221609371e+05
-1.518902910203935462e+05
-1.585039558625464852e+05
-1.653998291888135136e+05
-1.725903654257775052e+05
-1.800886406593532593e+05
-1.879083909297917562e+05
-1.960640535197072604e+05
-2.045708114997175871e+05
-2.134446418728291756e+05
-2.227023676813498605e+05
-2.323617143963002891e+05
-2.424413711816878058e+05
-2.529610573530024849e+05
-2.639415947499065660e+05
-2.754049865368864848e+05
-2.873745032264238689e+05
-2.998747766823042184e+05
-3.129319030184464063e+05
-3.265735554604267818e+05
-3.408291083105091820e+05
-3.557297734046737314e+05
-3.713087505516519886e+05
-3.876013937942903722e+05
-4.046453954401272349e+05
-4.224809902673543547e+05
-4.411511826816534740e+05
-4.607019997996598249e+05
-4.811827743329359218e+05
-5.026464614040520974e+05
-5.251499945218790090e+05
-5.487546864658967825e+05
-5.735266821344828932e+05
-5.995374717547260225e+05
-6.268644744272856042e+05
-6.555917035681166453e+05
-6.858105289835813455e+05
-7.176205525696673431e+05
-7.511306186631214805e+05
-7.864599849431908224e+05
-8.237396853591062827e+05
-8.631141240481601562e+05
-9.047429495218527736e+05
-9.488032696285230340e+05
-9.954922855519701261e+05
-1.045030442920018337e+06
-1.097665227676392999e+06
-1.153675771679430269e+06
-1.213378484839094104e+06
-1.277134001873533241e+06
-1.345355830124976346e+06
-1.418521225128870923e+06
-1.497185020804808242e+06
-1.581997435018382967e+06
-1.673727307153180242e+06
-1.773292890138088726e+06
-1.881803353694938123e+06
-2.000615815186522668e+06
-2.131415447762134019e+06
-2.276330887453028932e+06
-2.438105458322882652e+06
-2.620360183060280979e+06
-2.828014918294682167e+06
-3.067997765120889992e+06
-3.350518320713864174e+06
-3.691547751947163139e+06
-4.118212189114638604e+06
-4.682528774289155379e+06
-5.506384566599354148e+06
-7.024310837078459561e+06
nan
nan
nan
nan
nan
nan
nan
nan
nan
nan
nan
nan
nan
nan
nan
nan
nan
nan
nan
nan
nan
nan
nan
nan
nan
nan
nan
nan
nan
nan
nan
nan
nan
nan
nan
nan
nan
nan
nan
nan
nan
nan
nan
nan
nan
nan
nan
nan
nan
nan
nan
nan
nan
nan
nan
nan
nan
nan
nan
nan
nan
nan
