2.498112827593918605e-11
1.582860509318151194e-10
4.360800609373028869e-11
1.859845610838094775e-10
8.835776554711574086e-11
2.402265053531226272e-10
1.491633483380003954e-10
5.870282038063700837e-11
2.260216458419124907e-10
1.483209111065517202e-10
7.675948765275165021e-11
2.610436311532995152e-10
1.854638664841551399e-10
1.428905882478953931e-10
7.507705568058637225e-11
2.848083990839177670e-10
2.679187982546972162e-10
2.178119906624928239e-10
2.276459021251815427e-10
1.797035853417542765e-10
2.142084287684226132e-10
1.788007519775848402e-10
2.197260151556249142e-10
2.115854158495442022e-10
2.601894255550588506e-10
2.829287915004631462e-10
3.455085106845190054e-10
1.546203165437300437e-10
2.164293189040383607e-10
2.928204345589528314e-10
3.856468477811753115e-10
2.219100458858927352e-10
3.348241683818025461e-10
2.076050442570185125e-10
3.353863853202132395e-10
2.316400404711814233e-10
4.132634234703256889e-10
3.354150290720246934e-10
5.047662288014606456e-10
4.542943798780774139e-10
4.151625709727584693e-10
4.026963207174301447e-10
4.061286862192705893e-10
4.152376220459496143e-10
4.427642696726607734e-10
4.907596551150922381e-10
5.579818828978993423e-10
4.061879721221493094e-10
5.052884777000319281e-10
6.281690722868539269e-10
5.188036666644639927e-10
6.871609947411397414e-10
6.268421337219698438e-10
5.723967965921335652e-10
5.771190192027077457e-10
5.660951706994689204e-10
6.048683775641826608e-10
6.601337254149166105e-10
7.435903003959558559e-10
8.528096006632207505e-10
7.389400202282521358e-10
9.244225384580168877e-10
8.699239106212460127e-10
8.431402242371451038e-10
8.546363616080218181e-10
8.976859255168601585e-10
9.809342226564001925e-10
1.093808155073920087e-09
9.899470131589971728e-10
1.176805097713746904e-09
1.163303675504637702e-09
1.170423757799081022e-09
1.242827396431655269e-09
1.338080757178144550e-09
1.227696166812376284e-09
1.428521745192386042e-09
1.418801520557392399e-09
1.456887277317498564e-09
1.550871209054573355e-09
1.432659990451092659e-09
1.631599743998004724e-09
1.639718138829744353e-09
1.689345552105275359e-09
1.810282368206904548e-09
1.741649491031185149e-09
1.729046461282741328e-09
1.790327663598899558e-09
1.912392910378226874e-09
2.109701968337972622e-09
2.124280084807069940e-09
2.213579319456398399e-09
2.134232123949849789e-09
2.381271623889979545e-09
2.456931768676602774e-09
2.371215001627693403e-09
2.368205631063774334e-09
2.463553360739808330e-09
2.643765872281993064e-09
2.672737364113679038e-09
2.804834808164805352e-09
3.034074324377173718e-09
3.127044178365523780e-09
3.074423159659469007e-09
3.137420766734422076e-09
3.314056805803378661e-09
3.356507293309303284e-09
3.536584135567998578e-09
3.585887585706901734e-09
3.769361710411566884e-09
3.842959060765329096e-09
4.053590572909345707e-09
4.161296417058934381e-09
4.426150333535104914e-09
4.342634472534762001e-09
4.666135476183772367e-09
4.663893713731043952e-09
4.827641839771171667e-09
5.173685921910894925e-09
5.199714656486625729e-09
5.419430013348777030e-09
5.582145409893231483e-09
5.693435275925880921e-09
6.022055073775346558e-09
6.058013198938012215e-09
6.319911257516431750e-09
6.564941475622657240e-09
6.793339664626147958e-09
7.018711607692593318e-09
7.244266515495878784e-09
7.485149162358554068e-09
7.745108771433058613e-09
8.033626203259843652e-09
8.108340659739736497e-09
8.484320795265677845e-09
8.667336175480127056e-09
9.168578555973509346e-09
9.245079139148367083e-09
9.661897940342412062e-09
9.928927449421938035e-09
1.030632622774525524e-08
1.055608555146915582e-08
1.094079270583978785e-08
1.147487370679248587e-08
1.167199513634282904e-08
1.204104126254522218e-08
1.260173208880407228e-08
1.285826244042243155e-08
1.333853737040116585e-08
1.379795187581708703e-08
1.426262950443551061e-08
1.473483733166817499e-08
1.524441282334018472e-08
1.580120987492637827e-08
1.617524845140434576e-08
1.663541879617262627e-08
1.720117734568682461e-08
1.789553302803623495e-08
1.848292849181169892e-08
1.898664311543000573e-08
1.968124260239015881e-08
2.033499720618022589e-08
2.097439862451581794e-08
2.162295116699370565e-08
2.230661384632603363e-08
2.304583852492495347e-08
2.387403070336656298e-08
2.456488607301153550e-08
2.539873927823433957e-08
2.640201051838051121e-08
2.710622986392087661e-08
2.804304826032769542e-08
2.899616917134686861e-08
2.999583307374846121e-08
3.082680191789884850e-08
3.202645206942043497e-08
3.288042451189883291e-08
3.417866113498572381e-08
3.520482272848595424e-08
3.625382138711593493e-08
3.761728627610340282e-08
3.883534014802923730e-08
3.995529160433814847e-08
4.127274862752955446e-08
4.258247161447609269e-08
4.418897897558418539e-08
4.563802606899153810e-08
4.698163861167722668e-08
4.852668335782124334e-08
5.007781301347656230e-08
5.169187566038235562e-08
5.343015738578827264e-08
5.535362031388011412e-08
5.702247090966351986e-08
5.900661840398154225e-08
6.087067729107290234e-08
6.293734655001020425e-08
6.502621516102803247e-08
6.696149707162349414e-08
6.932402677330872908e-08
7.143811520572217526e-08
7.389107279126709669e-08
7.626428061249410056e-08
7.889719491019305479e-08
8.137658112652314120e-08
8.405198476499936674e-08
8.676427778058012305e-08
8.961668271632161432e-08
9.271098859292048059e-08
9.565265612003882176e-08
9.880300094155753743e-08
1.020231339348490276e-07
1.054341004955226205e-07
1.089035289542665396e-07
1.123050999113692030e-07
1.160230708812498972e-07
1.199370082005915366e-07
1.239363192200221794e-07
1.279092178089406617e-07
1.320074348143774033e-07
1.363787637911485924e-07
1.409327735208009398e-07
1.455800881627203882e-07
1.502361933207440419e-07
1.553280447987737220e-07
1.602769821431090097e-07
1.655221176553278108e-07
1.710031526799249486e-07
1.766648136459557535e-07
1.824613913517732833e-07
1.883485550291539096e-07
1.945456192433644984e-07
2.010278566626241857e-07
2.075218122493166074e-07
2.142665962883573444e-07
2.212608296622885501e-07
2.285048145714109481e-07
2.360147864720920966e-07
2.438088717471102620e-07
2.519196934203547577e-07
2.601325967477168330e-07
2.687498534904409344e-07
2.773251639820244151e-07
2.864322970327491779e-07
2.958980374200858535e-07
3.055610093365206828e-07
3.157746314161041331e-07
3.258964617744400533e-07
3.368078407437536470e-07
3.476377488402757335e-07
3.590401493933441828e-07
3.709262050155588287e-07
3.829713659843752856e-07
3.956170558575965623e-07
4.085639609526506157e-07
4.220348279625610031e-07
4.357605173040967941e-07
4.502457310216058227e-07
4.650027641203609093e-07
4.800676191344665089e-07
4.959928618268215088e-07
5.120938363046219729e-07
5.289621293400987501e-07
5.464544883990333577e-07
5.641949848724452580e-07
5.828361454413048953e-07
6.017917503403092900e-07
6.215059538655476002e-07
6.419422294343699589e-07
6.630868249180366592e-07
6.846999030594444039e-07
7.073205817036540921e-07
7.305073906386501928e-07
7.543489656293795524e-07
7.792146152184524038e-07
8.047445785512185772e-07
8.311155569047726089e-07
8.582805762756258494e-07
8.864746660009235915e-07
9.154640630264697147e-07
9.455539290396536936e-07
9.765744409653665485e-07
1.008651635954097671e-06
1.041688948546073937e-06
1.075885383566192571e-06
1.111224288710228296e-06
1.147479985392051053e-06
1.185222064639877584e-06
1.224060950913792983e-06
1.264148707872662545e-06
1.305692093179715255e-06
1.348434336030645987e-06
1.392677094624543803e-06
1.438519353488518287e-06
1.485607943057520237e-06
1.534401043963837467e-06
1.584659657713538996e-06
1.636452522388090018e-06
1.690158677444778966e-06
1.745719697297661199e-06
1.802886261268738734e-06
1.861979461596608349e-06
1.923139021317563501e-06
1.986068370520830142e-06
2.051301170143242550e-06
2.118689982696172160e-06
2.188167101019044323e-06
2.259742780481183228e-06
2.334014661541209313e-06
2.410408048829309003e-06
2.489442088071387129e-06
2.571226433600305492e-06
2.655458480350661027e-06
2.742690128839111275e-06
2.832564728595679890e-06
2.925338040400547586e-06
3.021368426219127440e-06
3.120370543711792907e-06
3.222679788889537935e-06
3.328495415251338787e-06
3.437634810514628191e-06
3.550296512659001130e-06
3.666806416282190475e-06
3.787122920031030044e-06
3.911343161389826911e-06
4.039455948351246677e-06
4.172101955582279076e-06
4.308813739019404796e-06
4.450043277273077419e-06
4.596146474885354994e-06
4.746647730126782761e-06
4.902499777615547741e-06
5.063328260119432385e-06
5.229191451848446074e-06
5.400848908425886459e-06
5.577743403396838303e-06
5.760784374099549490e-06
5.949830763094589946e-06
6.144710162939213877e-06
6.346231519127323447e-06
6.554427143778204083e-06
6.769320110596062198e-06
6.991433756251792128e-06
7.220791100493590531e-06
7.457430832658536765e-06
7.702165593170750562e-06
7.954584374308463460e-06
8.215570446149159434e-06
8.485052375085463944e-06
8.763269881496759338e-06
9.050534037710027604e-06
9.347484035261891233e-06
9.654100614581383438e-06
9.970461207849107407e-06
1.029751646088181220e-05
1.063533458286703979e-05
1.098412368469711272e-05
1.134424104654530857e-05
1.171621137704793257e-05
1.210048355024196964e-05
1.249744743287733310e-05
1.290719762851011303e-05
1.333055224512475799e-05
1.376756011196717520e-05
1.421928132284508410e-05
1.468553165839612650e-05
1.516717239403385489e-05
1.566461273418412182e-05
1.617808112118465294e-05
1.670865389569681922e-05
1.725676123927488527e-05
1.782270643885737978e-05
1.840720294682113747e-05
1.901087781976402083e-05
1.963430592764497430e-05
2.027802216564002520e-05
2.094305854035380081e-05
2.162995226190572804e-05
2.233928463930231242e-05
2.307194814215988388e-05
2.382867672111891322e-05
2.461007368680154358e-05
2.541713802445851842e-05
2.625054769527789157e-05
2.711143544861442753e-05
2.800067289356623484e-05
2.891890239496473178e-05
2.986731970135994633e-05
3.084670903424967074e-05
3.185848124440905437e-05
3.290320550077420036e-05
3.398215029558854336e-05
3.509657538415471398e-05
3.624777176850070375e-05
3.743634306596730911e-05
3.866401503128605858e-05
3.993217171217563669e-05
4.124164761470912679e-05
4.259403711010216074e-05
4.399098486065258215e-05
4.543373777332300814e-05
4.692369623566190138e-05
4.846247870774476104e-05
5.005171328474772600e-05
5.169310406526409770e-05
5.338849437742013675e-05
5.513941366714272406e-05
5.694765948865054741e-05
5.881510102115098336e-05
6.074400589873828475e-05
6.273609976449334182e-05
6.479339855146749177e-05
6.691827863563008392e-05
6.911280645752429399e-05
7.137931643818848685e-05
7.372024876413931199e-05
7.613797485052984217e-05
7.863464253274736492e-05
8.121352163028784296e-05
8.387683462522751326e-05
8.662761618449944356e-05
8.946855616098955413e-05
9.240260707803324338e-05
9.543283804697261469e-05
9.856254822680135389e-05
1.017948788435950607e-04
1.051331806111900912e-04
1.085808870995508610e-04
1.121418907225955848e-04
1.158194174797158062e-04
1.196176711893772197e-04
1.235404613147093053e-04
1.275918498940662349e-04
1.317760544705545928e-04
1.360975898418423694e-04
1.405609372062403719e-04
1.451704446273181662e-04
1.499312585945782982e-04
1.548482369977321137e-04
1.599263802340515877e-04
1.651710222593138122e-04
1.705875131244908530e-04
1.761819270647473968e-04
1.819597536628698889e-04
1.879268673285465106e-04
1.940897424802026910e-04
2.004546790831832970e-04
2.070285334109535607e-04
2.138179584109098960e-04
2.208298956207281030e-04
2.280718450298010352e-04
2.355511092822090908e-04
2.432758380449629517e-04
2.512537906449361876e-04
2.594933861516393278e-04
2.680032559296755663e-04
2.767920435503494047e-04
2.858692391263003684e-04
2.952439957632047940e-04
3.049262325984042560e-04
3.149259850072634419e-04
3.252535115705598506e-04
3.359196815376031616e-04
3.469358584086225427e-04
3.583132995044252989e-04
3.700635691774700861e-04
3.821992304706604100e-04
3.947330210218427172e-04
4.076778190016195139e-04
4.210468579477411781e-04
4.348544761424080339e-04
4.491148579088607832e-04
4.638430617747050589e-04
4.790540458698510197e-04
4.947637381505766386e-04
5.109885981183696999e-04
5.277457126387495893e-04
5.450521510877487288e-04
5.629261054722868802e-04
5.813860318617831025e-04
6.004515856173352250e-04
6.201420504969553174e-04
6.404783217256391744e-04
6.614816379897336387e-04
6.831733468419894009e-04
7.055764533094155801e-04
7.287141776158464991e-04
7.526108064276638152e-04
7.772908042839605375e-04
8.027799712465601666e-04
8.291051249119177347e-04
8.562932957591463902e-04
8.843729841296460708e-04
9.133736746931963701e-04
9.433248921552418774e-04
9.742585569605633714e-04
1.006206341571778398e-03
1.039201601016484858e-03
1.073278821723257790e-03
1.108473362349821816e-03
1.144821734090066588e-03
1.182362187194262431e-03
1.221133310818832808e-03
1.261175715082401508e-03
1.302530977519039766e-03
1.345242157612035151e-03
1.389353853164352823e-03
1.434911551904270201e-03
1.481963305451799474e-03
1.530557428384752899e-03
1.580744783248520325e-03
1.632577602499006705e-03
1.686109629987840629e-03
1.741397078108182679e-03
1.798496879644168826e-03
1.857468531730658125e-03
1.918373746561726411e-03
1.981275406025219746e-03
2.046239380027967472e-03
2.113333119380485757e-03
2.182626369350297319e-03
2.254191186197249466e-03
2.328101800865691427e-03
2.404435566149653539e-03
2.483271480780045552e-03
2.564691824584406851e-03
2.648780862404412524e-03
2.735626682799295519e-03
2.825318834120778364e-03
2.917951125028846009e-03
3.013619729327376203e-03
3.112424186040075626e-03
3.214466995927873615e-03
3.319854598619566364e-03
3.428696205642171434e-03
3.541105026493096032e-03
3.657198117899493079e-03
3.777095859541698946e-03
3.900923083550539901e-03
4.028808334484198193e-03
4.160884787371891755e-03
4.297289557476697761e-03
4.438163925371907750e-03
4.583654985520027939e-03
4.733913432356226525e-03
4.889095556358231606e-03
5.049362389798573575e-03
5.214880565466368904e-03
5.385821836525443371e-03
5.562363824497013054e-03
5.744689700639036244e-03
5.932989085549566187e-03
6.127457167402036893e-03
6.328296047118662886e-03
6.535714055135579022e-03
6.749926325052404974e-03
6.971155606402519057e-03
7.199630820791805448e-03
7.435589669135806053e-03
7.679276461324413203e-03
7.930944276245258107e-03
8.190853877671209690e-03
8.459275210067720638e-03
8.736485919083528465e-03
9.022773986401909363e-03
9.318435911411645720e-03
9.623777996750480790e-03
9.939116995326964521e-03
1.026477935769725194e-02
1.060110261781056253e-02
1.094843491465815818e-02
1.130713591176472910e-02
1.167757739407291988e-02
1.206014226890437906e-02
1.245522679837525806e-02
1.286323974836129161e-02
1.328460328711982864e-02
1.371975285946560631e-02
1.416913882513163962e-02
1.463322585420457136e-02
1.511249311233072400e-02
1.560743626998159321e-02
1.611856655474150010e-02
1.664641166383981977e-02
1.719151679147801551e-02
1.775444477004221519e-02
1.833577587604942605e-02
1.893611056477922591e-02
1.955606737716627033e-02
2.019628583903098837e-02
2.085742558774853622e-02
2.154016751607860589e-02
2.224521546693855947e-02
2.297329447318897933e-02
2.372515461895047251e-02
2.450156873900570520e-02
2.530333554906454702e-02
2.613127918278738623e-02
2.698625019661991462e-02
2.786912655810389744e-02
2.878081467165098661e-02
2.972224994137844314e-02
3.069439793416021620e-02
3.169825491825566804e-02
3.273484931284326854e-02
3.380524284326346524e-02
3.491053016978213491e-02
3.605184257592208147e-02
3.723034594282921550e-02
3.844724437060344918e-02
3.970378044260218509e-02
4.100123544187595642e-02
4.234093233357680286e-02
4.372423604557158089e-02
4.515255459117373249e-02
4.662734111151217026e-02
4.815009461456115636e-02
4.972236148646649867e-02
5.134573732122286321e-02
5.302186812914969072e-02
5.475245174603067533e-02
5.653923948339619615e-02
5.838403811691784961e-02
6.028871099818602225e-02
6.225517987779231877e-02
6.428542726630484538e-02
6.638149738343927797e-02
6.854549805127851947e-02
7.077960358018871301e-02
7.308605526725416024e-02
7.546716454350591019e-02
7.792531439538270821e-02
8.046296164074223656e-02
8.308263913372217202e-02
8.578695776881326007e-02
8.857860886232139797e-02
9.146036628319909045e-02
9.443508890957433288e-02
9.750572304942370372e-02
1.006753046747715374e-01
1.039469623153870259e-01
1.073239187690584739e-01
1.108094952168398317e-01
1.144071123948541963e-01
1.181202934134278626e-01
1.219526679385142670e-01
1.259079730064027458e-01
1.299900574868729508e-01
1.342028839996915746e-01
1.385505322342913681e-01
1.430372023341217602e-01
1.476672164548881727e-01
1.524450239914258154e-01
1.573752028280052673e-01
1.624624633308458244e-01
1.677116512414168203e-01
1.731277511828057947e-01
1.787158894613587734e-01
1.844813378487553390e-01
1.904295158301068935e-01
1.965659950447651572e-01
2.028965018021095246e-01
2.094269202915684525e-01
2.161632963294872201e-01
2.231118399697344656e-01
2.302789289821805807e-01
2.376711118671120115e-01
2.452951115458137654e-01
2.531578271285183646e-01
2.612663376460452880e-01
2.696279051804832960e-01
2.782499770665365357e-01
2.871401883082575490e-01
2.963063649791111698e-01
3.057565254551404821e-01
3.154988835565586958e-01
3.255418494325357792e-01
3.358940320738702523e-01
3.465642405667533343e-01
3.575614851327512667e-01
3.688949782762970808e-01
3.805741346723394147e-01
3.926085720412593183e-01
4.050081103110769187e-01
4.177827713770759788e-01
4.309427777921618907e-01
4.444985504233475715e-01
4.584607065834185313e-01
4.728400569791324504e-01
4.876476018833827419e-01
5.028945265034127088e-01
5.185921962314778977e-01
5.347521496912381878e-01
5.513860914381267797e-01
5.685058846016676215e-01
5.861235404773693647e-01
6.042512087996813053e-01
6.229011646061070051e-01
6.420857953766925252e-01
6.618175864509998618e-01
6.821091035238561195e-01
7.029729748025436153e-01
7.244218700256802590e-01
7.464684783777899568e-01
7.691254831242506640e-01
7.924055353420976777e-01
8.163212237160143436e-01
8.408850414477537782e-01
8.661093513794477783e-01
8.920063475922359597e-01
9.185880124250153100e-01
9.458660715978534084e-01
9.738519432503939255e-01
1.002556686205950509e+00
1.031990939274703090e+00
1.062164860135312860e+00
1.093088055770666145e+00
1.124769509636621478e+00
1.157217501917311653e+00
1.190439523786662290e+00
1.224442184932744260e+00
1.259231115063649931e+00
1.294810856521432907e+00
1.331184748414575569e+00
1.368354805133036978e+00
1.406321582764562761e+00
1.445084036256104154e+00
1.484639368176840390e+00
1.524982865171722324e+00
1.566107721897648242e+00
1.608004854532701700e+00
1.650662699530980104e+00
1.694066999638188742e+00
1.738200574380917018e+00
1.783043073858997740e+00
1.828570719138263856e+00
1.874756019660552386e+00
1.921567477824745129e+00
1.968969268011139251e+00
2.016920898947876850e+00
2.065376851047925122e+00
2.114286190651068154e+00
2.163592159073236321e+00
2.213231736186357157e+00
2.263135173604842176e+00
2.313225500790550004e+00
2.363417996321322878e+00
2.413619629823857249e+00
2.463728464814174401e+00
2.513633026781860291e+00
2.563211631604326080e+00
2.612331671543417944e+00
2.660848858345010282e+00
2.708606418811474015e+00
2.755434243203418010e+00
2.801147981370258666e+00
2.845548083768262515e+00
2.888418786112509018e+00
2.929527034393489604e+00
2.968621343958131042e+00
3.005430594346695461e+00
3.039662752017780356e+00
3.071003518650085695e+00
3.099114902403859340e+00
3.123633707187469799e+00
3.144169933441967046e+00
3.160305090777301817e+00
3.171590413299736344e+00
3.177544975452563314e+00
3.177653702621961784e+00
3.171365269793982478e+00
3.158089886858228112e+00
3.137196958889539200e+00
3.108012620294056116e+00
3.069817135503302374e+00
3.021842157275568930e+00
2.963267839515048685e+00
2.893219793591159217e+00
2.810765885817890108e+00
2.714912863108085883e+00
2.604602801831614745e+00
2.478709372484251716e+00
2.336033908830101868e+00
2.175301274445456734e+00
1.995155516554132591e+00
1.794155299039002394e+00
1.570769101598077366e+00
1.323370179057940410e+00
1.050231263534015413e+00
7.495190079534738148e-01
4.192881471694567264e-01
5.747537621803834595e-02
-3.381070757013743822e-01
-7.697781818622728700e-01
-1.239995184819876695e+00
-1.751361000715926819e+00
-2.306631982007293136e+00
-2.908726050156307696e+00
-3.560731212413667190e+00
-4.265914481631838839e+00
-5.027731217713289347e+00
-5.849834900780098934e+00
-6.736087359661850904e+00
-7.690569475447247783e+00
-8.717592374012349765e+00
-9.821709131063661502e+00
-1.100772700890697742e+01
-1.228072024816783347e+01
-1.364604343578205636e+01
-1.510934546796542222e+01
-1.667658413809356333e+01
-1.835404137510537481e+01
-2.014833914474844079e+01
-2.206645606191382214e+01
-2.411574471635869088e+01
-2.630394976335018598e+01
-2.863922679116071279e+01
-3.113016200559407665e+01
-3.378579275681651950e+01
-3.661562895198687073e+01
-3.962967536605255248e+01
-4.283845491116041160e+01
-4.625303288933708501e+01
-4.988504224726517577e+01
-5.374670992151533255e+01
-5.785088424430177412e+01
-6.221106353719873994e+01
-6.684142583838830376e+01
-7.175685990652600310e+01
-7.697299746808246823e+01
-8.250624679828752051e+01
-8.837382768670633482e+01
-9.459380782094370943e+01
-1.011851406463036511e+02
-1.081677047614231242e+02
-1.155623449240406444e+02
-1.233909146911471169e+02
-1.316763207899750228e+02
-1.404425692479027816e+02
-1.497148134175221799e+02
-1.595194038383295094e+02
-1.698839401975371004e+02
-1.808373252476598338e+02
-1.924098209337307424e+02
-2.046331067279671743e+02
-2.175403402559638835e+02
-2.311662203467777772e+02
-2.455470525450862453e+02
-2.607208171678327631e+02
-2.767272401368533110e+02
-2.936078664714935371e+02
-3.114061367316385827e+02
-3.301674664311089487e+02
-3.499393285478709572e+02
-3.707713392361243905e+02
-3.927153469488609403e+02
-4.158255249138646263e+02
-4.401584673277671982e+02
-4.657732891196666287e+02
-4.927317298314694654e+02
-5.210982612567116803e+02
-5.509401994084798844e+02
-5.823278207693864488e+02
-6.153344830564523136e+02
-6.500367505920285112e+02
-6.865145245847755859e+02
-7.248511783423449515e+02
-7.651336978167652205e+02
-8.074528273491735035e+02
-8.519032213541941019e+02
-8.985836014379362950e+02
-9.475969198507035571e+02
-9.990505290798138276e+02
-1.053056357945433774e+03
-1.109731094597774927e+03
-1.169196376191729996e+03
-1.231578986298507516e+03
-1.297011059352412985e+03
-1.365630293486796973e+03
-1.437580170910244306e+03
-1.513010187263752869e+03
-1.592076089354508213e+03
-1.674940122102558462e+03
-1.761771285070168005e+03
-1.852745598601669599e+03
-1.948046380160467152e+03
-2.047864531141369525e+03
-2.152398835085498376e+03
-2.261856266663632596e+03
-2.376452312700721905e+03
-2.496411305774906850e+03
-2.621966770090139107e+03
-2.753361780758445548e+03
-2.890849337125272996e+03
-3.034692749530935089e+03
-3.185166042001405458e+03
-3.342554369349398712e+03
-3.507154450923371769e+03
-3.679275020353758009e+03
-3.859237293272074112e+03
-4.047375452770485936e+03
-4.244037152574669562e+03
-4.449584041056340538e+03
-4.664392304563843936e+03
-4.888853231672595030e+03
-5.123373799347960812e+03
-5.368377281686772221e+03
-5.624303882555012933e+03
-5.891611392250883910e+03
-6.170775869782904920e+03
-6.462292352171481070e+03
-6.766675590129862940e+03
-7.084460813903921917e+03
-7.416204528338724231e+03
-7.762485339059831858e+03
-8.123904811062862791e+03
-8.501088361529135000e+03
-8.894686187763758426e+03
-9.305374230719153275e+03
-9.733855179005589889e+03
-1.018085951077483332e+04
-1.064714657856832673e+04
-1.113350573649187754e+04
-1.164075751343390584e+04
-1.216975483387365239e+04
-1.272138428665091851e+04
-1.329656744782028363e+04
-1.389626225415727276e+04
-1.452146443561724845e+04
-1.517320900577766588e+04
-1.585257181304566984e+04
-1.656067115775931597e+04
-1.729866947619311759e+04
-1.806777509419259513e+04
-1.886924405394479982e+04
-1.970438202329101841e+04
-2.057454627777720088e+04
-2.148114777588799552e+04
-2.242565331826355759e+04
-2.340958780106038830e+04
-2.443453657117523835e+04
-2.550214787948649246e+04
-2.661413544592807375e+04
-2.777228113790383577e+04
-2.897843776650249856e+04
-3.023453201178001473e+04
-3.154256748045126005e+04
-3.290462789896788308e+04
-3.432288045910366782e+04
-3.579957931776432088e+04
-3.733706925632117782e+04
-3.893778952067972568e+04
-4.060427783632592036e+04
-4.233917462181027076e+04
-4.414522740216052625e+04
-4.602529544229197199e+04
-4.798235460377323761e+04
-5.001950245189050474e+04
-5.213996361111700389e+04
-5.434709539797866455e+04
-5.664439373916148907e+04
-5.903549940232405061e+04
-6.152420454795913247e+04
-6.411445963142572145e+04
-6.681038067683669215e+04
-6.961625693547249830e+04
-7.253655897388857557e+04
-7.557594720938113460e+04
-7.873928091599102481e+04
-8.203162774809522671e+04
-8.545827380913520756e+04
-8.902473430853830359e+04
-9.273676483779663977e+04
-9.660037332388498180e+04
-1.006218327072969550e+05
-1.048076943872092088e+05
-1.091648024997293833e+05
-1.137003091162608180e+05
-1.184216903573232848e+05
-1.233367636087937281e+05
-1.284537058079236012e+05
-1.337810729856349062e+05
-1.393278211007546925e+05
-1.451033282937175827e+05
-1.511174187061278208e+05
-1.573803879350656644e+05
-1.639030303530318779e+05
-1.706966683806965302e+05
-1.777731838928408106e+05
-1.851450520251968410e+05
-1.928253775185147824e+05
-2.008279338469821669e+05
-2.091672054894209141e+05
-2.178584334718298342e+05
-2.269176647119170811e+05
-2.363618053588124749e+05
-2.462086786563141504e+05
-2.564770877449408872e+05
-2.671868838919244008e+05
-2.783590408514405135e+05
-2.900157358818769571e+05
