3.336046994149528491e-10
3.862850039776402251e-10
4.130571440376493055e-10
2.188238479236422840e-10
2.936217935382270480e-10
3.599534004115905259e-10
4.409765885697900591e-10
2.789839470461627136e-10
3.797926417707376403e-10
4.978715217771351010e-10
3.761615463450717022e-10
5.092686272573124223e-10
4.113052120988621465e-10
5.989808648943528646e-10
5.273512737460931810e-10
4.650633211715733815e-10
4.165863209787228420e-10
6.265683527401326933e-10
6.211693381702311896e-10
6.317331102483136724e-10
6.480846969982919916e-10
6.831541998541569513e-10
5.045348583128334663e-10
5.792257784267219069e-10
6.709697241987417031e-10
7.787255284764075513e-10
6.573415145231335343e-10
8.105689452647256913e-10
7.367118026385531127e-10
6.721856404449992308e-10
8.940201911712899174e-10
9.093543695401470281e-10
9.093457097977166884e-10
9.592138194363840465e-10
1.026392748519411903e-09
8.740197454120726867e-10
9.939664646320712025e-10
9.031206892813528793e-10
1.068072297205473618e-09
1.032363305881579400e-09
1.031330132330122657e-09
1.056533305207073923e-09
1.114960346184791089e-09
1.207187461013054819e-09
1.341948996271151684e-09
1.268106064495323485e-09
1.471835320176120187e-09
1.459587561805582466e-09
1.504506519240130812e-09
1.576109465026417920e-09
1.447003183795903674e-09
1.623955858521521370e-09
1.578866592856698083e-09
1.591946574388012711e-09
1.654031800225543698e-09
1.764579371310218735e-09
1.929342019266351368e-09
1.893246004186271557e-09
1.927685344439547740e-09
2.007131793842485750e-09
2.155090994272375782e-09
2.111388841246405144e-09
2.378318652814314217e-09
2.466370662920963834e-09
2.374615836939259983e-09
2.600725856511985466e-09
2.647182472818140648e-09
2.774293461192503739e-09
2.723898661718937457e-09
2.758449912437385628e-09
2.874566140148496395e-09
3.076623177881429328e-09
3.110068202371509899e-09
3.247003998367161279e-09
3.222637045424548710e-09
3.544001091864003803e-09
3.470558062379576627e-09
3.753294563206188469e-09
3.884236265076615152e-09
3.879022213604833911e-09
3.993114948801370628e-09
4.221125448104455737e-09
4.328378987416003724e-09
4.556471865258230917e-09
4.663744944485212698e-09
4.661617312993933996e-09
5.046126404134860729e-09
5.072115170730254739e-09
5.247787536168080366e-09
5.325066386041499410e-09
5.563975278590605952e-09
5.713143955872886395e-09
6.034952535520533956e-09
6.280782336334944250e-09
6.453641396578522999e-09
6.563283025521994225e-09
6.865113585890346430e-09
7.117611608192420656e-09
7.326506953457364349e-09
7.493221817378868685e-09
7.627250827262827380e-09
7.990647695171515567e-09
8.337326158625325963e-09
8.423735704532711511e-09
8.758950893176754331e-09
9.102073534271872521e-09
9.459178546162573848e-09
9.589561805547181834e-09
1.000764182021620912e-08
1.046543850925328295e-08
1.072358334765540219e-08
1.104426638287193341e-08
1.143993876612183587e-08
1.166327766851954650e-08
1.223484024300184480e-08
1.266008141800521890e-08
1.294903117037611028e-08
1.336809262189655846e-08
1.392875658086827893e-08
1.439299922441559896e-08
1.477323195777140453e-08
1.533635528263161746e-08
1.584275042972226518e-08
1.630718758411377328e-08
1.674759817991741109e-08
1.742699249735039200e-08
1.786171963929799898e-08
1.857126383916354047e-08
1.906781752482420847e-08
1.962381010864245078e-08
2.050843070605199818e-08
2.098117565865452769e-08
2.182329380983863902e-08
2.254699335264989661e-08
2.317706689948792507e-08
2.398280481812647304e-08
2.473753620428777073e-08
2.546324214158210521e-08
2.643665526680566361e-08
2.717673570533975779e-08
2.821446227365583987e-08
2.906990953900802866e-08
3.002672194265003176e-08
3.110928686557190709e-08
3.209566672833201757e-08
3.301398858715301823e-08
3.414883058085130403e-08
3.528088724672871710e-08
3.644137339328106843e-08
3.766535030769441845e-08
3.898613644903927652e-08
4.019055389754836316e-08
4.156713140962927877e-08
4.290224342357037668e-08
4.423564547154403171e-08
4.560934817072403015e-08
4.706485321204675844e-08
4.864744503834713865e-08
5.040168444907727650e-08
5.187228519105751696e-08
5.360935855408242232e-08
5.541138018537210936e-08
5.733178622926371924e-08
5.917089641338775375e-08
6.098288784493088734e-08
6.307903863823631890e-08
6.526400527409751872e-08
6.734829311023513692e-08
6.939359235509955272e-08
7.171745454922060863e-08
7.413493119155963400e-08
7.646114461321685263e-08
7.902327309872424759e-08
8.163988622167060534e-08
8.438855326627527106e-08
8.709539465501016772e-08
9.009410634752691122e-08
9.296515371440508237e-08
9.604672534378999516e-08
9.917438366084930677e-08
1.024444307428486214e-07
1.056972429420013825e-07
1.092856255981578785e-07
1.128071643879824339e-07
1.163643995093534694e-07
1.203219550707436418e-07
1.242852800134352536e-07
1.283710589991003261e-07
1.324472938373155724e-07
1.368896731191698944e-07
1.413215747774840940e-07
1.458752428054603902e-07
1.506855757395696096e-07
1.556435789872126831e-07
1.608924233587100968e-07
1.660799936267078357e-07
1.716108328564837835e-07
1.771437191080504089e-07
1.830938573623436969e-07
1.888777683539139874e-07
1.951745466406201169e-07
2.016619244537833548e-07
2.082770649459965446e-07
2.149628047285352293e-07
2.221690139475438388e-07
2.293502369188165359e-07
2.369689881126601122e-07
2.447461032805367461e-07
2.526555652335513817e-07
2.609333858470490325e-07
2.695708674104090288e-07
2.783165335281493320e-07
2.874302489949563194e-07
2.969257363882354767e-07
3.065776051011956918e-07
3.166716216741485397e-07
3.270014991083116263e-07
3.378699696854234953e-07
3.488359004953138935e-07
3.602269514357063840e-07
3.721260754808763674e-07
3.843762191503991707e-07
3.970841623578792712e-07
4.101177927804031188e-07
4.233525538280649536e-07
4.374387745986065792e-07
4.517742595059970671e-07
4.665294246524412734e-07
4.818876602254854821e-07
4.975420595016324973e-07
5.139569781405129992e-07
5.308555937906495953e-07
5.482298995268375894e-07
5.660865529049992183e-07
5.847019443859428851e-07
6.038649215353809047e-07
6.236378204579924329e-07
6.440941264097793768e-07
6.653337745366667558e-07
6.869690334246007314e-07
7.096405113073305999e-07
7.330025346825114015e-07
7.569829539061042949e-07
7.817846671441505471e-07
8.073789322472249997e-07
8.337650255690873837e-07
8.612156995826038664e-07
8.895267402963032736e-07
9.185213531157006043e-07
9.488031065620081241e-07
9.797454779969918977e-07
1.012011297433167369e-06
1.045285148935968958e-06
1.079530437257385337e-06
1.114751424857728727e-06
1.151480727386147685e-06
1.189283501784874877e-06
1.228258478827353724e-06
1.268544497871260587e-06
1.310066804459259177e-06
1.353037211368924345e-06
1.397458275371730054e-06
1.443123757029680131e-06
1.490623226177929586e-06
1.539330336576568083e-06
1.589925707917862889e-06
1.642129816186324242e-06
1.695962361839885778e-06
1.751492887416095419e-06
1.808843452768433178e-06
1.868190836876776473e-06
1.929513622068413138e-06
1.992848536651810161e-06
2.058291004571232487e-06
2.125743601697985551e-06
2.195427138214855155e-06
2.267374482214883431e-06
2.341683707941879715e-06
2.418524360094926632e-06
2.497884979459280408e-06
2.579827788719618714e-06
2.664491272264220242e-06
2.751843586178361410e-06
2.841929341726121406e-06
2.935133264876498716e-06
3.031422406670659580e-06
3.130851525001373232e-06
3.233572105618457059e-06
3.339575768360531049e-06
3.449207453093984426e-06
3.562154554262497271e-06
3.678971450082837956e-06
3.799811810605788525e-06
3.924192098304498580e-06
4.052999915067796304e-06
4.185985393180407941e-06
4.323273479346725109e-06
4.464866216730536769e-06
4.611401686535612802e-06
4.762645297766109359e-06
4.918757118588464184e-06
5.080042737130161841e-06
5.246705323067514485e-06
5.418854462364869706e-06
5.596502217774187699e-06
5.780084198406882018e-06
5.969703078978540889e-06
6.165379908404010833e-06
6.367578618883598482e-06
6.576444198221431214e-06
6.792062871608754365e-06
7.014724887065139490e-06
7.244925994729132669e-06
7.482370422365924368e-06
7.727739915982222569e-06
7.981186947076173783e-06
8.243103656935605100e-06
8.513368833569976525e-06
8.792616826259381125e-06
9.080986516243636921e-06
9.378636163895093890e-06
9.686249606920436251e-06
1.000379549523328993e-05
1.033203649739172994e-05
1.067078674664718438e-05
1.102067657038576647e-05
1.138216192771913659e-05
1.175552955524042786e-05
1.214091037821643496e-05
1.253904988718226704e-05
1.295030735201196932e-05
1.337517194892245335e-05
1.381377509814288670e-05
1.426665805064637529e-05
1.473453028926450064e-05
1.521778512232824670e-05
1.571675949722516841e-05
1.623225812810656960e-05
1.676455820299655562e-05
1.731443154065620007e-05
1.788215891673179000e-05
1.846854672812575429e-05
1.907444761207239441e-05
1.969976465203298848e-05
2.034599584998261854e-05
2.101322397879708785e-05
2.170240479455951541e-05
2.241388056437882282e-05
2.314915765557288695e-05
2.390816489283813167e-05
2.469229158827510813e-05
2.550214772273300988e-05
2.633834470575680505e-05
2.720226894641333536e-05
2.809435492142906471e-05
2.901561467264881827e-05
2.996716455974294093e-05
3.094999760904632025e-05
3.196502227454207722e-05
3.301307887035926958e-05
3.409573815719861881e-05
3.521406813984654023e-05
3.636891995410106480e-05
3.756146484895613654e-05
3.879323437987442869e-05
4.006564442571583035e-05
4.137953870377034457e-05
4.273648029753747868e-05
4.413803723799476162e-05
4.558557763365531540e-05
4.708055373746776093e-05
4.862455931853543016e-05
5.021911195690813512e-05
5.186596039920720913e-05
5.356687261744190942e-05
5.532369780226569612e-05
5.713790545037910126e-05
5.901190161038291865e-05
6.094706968830122926e-05
6.294584055368722885e-05
6.500999147282665049e-05
6.714196629653729242e-05
6.934392987515852508e-05
7.161808515390158045e-05
7.396673828935867415e-05
7.639237450878702919e-05
7.889772502062581154e-05
8.148508716164761987e-05
8.415740568772282315e-05
8.691735042784220198e-05
8.976764188663272320e-05
9.271164940611450957e-05
9.575195578394241405e-05
9.889222088339982874e-05
1.021352505042124632e-04
1.054848623603104615e-04
1.089442207038178847e-04
1.125169424770476362e-04
1.162067039886595138e-04
1.200178508465537213e-04
1.239537517914813874e-04
1.280186706858108502e-04
1.322168876939670216e-04
1.365530710021806214e-04
1.410311464242927605e-04
1.456561945119790090e-04
1.504328233592462194e-04
1.553663149395192230e-04
1.604615185435025236e-04
1.657237497137485193e-04
1.711584475053724700e-04
1.767715856933300088e-04
1.825685799515783833e-04
1.885557143981791495e-04
1.947393218257797911e-04
2.011257054099629146e-04
2.077215811168930081e-04
2.145335220303454520e-04
2.215691626864492924e-04
2.288351434662944139e-04
2.363398443959686349e-04
2.440903304117962331e-04
2.520951021584506217e-04
2.603623163537122543e-04
2.689007905230484199e-04
2.777189873954395943e-04
2.868265471672859892e-04
2.962327829910609911e-04
3.059474719662726942e-04
3.159808838931260026e-04
3.263430777089403999e-04
3.370452099554696319e-04
3.480983426844330491e-04
3.595137727368513929e-04
3.713038707844120985e-04
3.834804162656665297e-04
3.960562175069196381e-04
4.090444771747309442e-04
4.224584196604757626e-04
4.363124450295025134e-04
4.506210309126424079e-04
4.653983921881913789e-04
4.806606921945058108e-04
4.964232130827273123e-04
5.127028398494918975e-04
5.295162757243507441e-04
5.468810439731355008e-04
5.648152445612608695e-04
5.833375852415482185e-04
6.024671700318329909e-04
6.222243235769648077e-04
6.426291508682367704e-04
6.637031620151234018e-04
6.854681228886632793e-04
7.079469573160298212e-04
7.311628970131042477e-04
7.551399236366396596e-04
7.799034714300344178e-04
8.054788981254637449e-04
8.318929977687056394e-04
8.591732711220207439e-04
8.873482259981479731e-04
9.164469620983236578e-04
9.464997684679047132e-04
9.775380145341052741e-04
1.009594310783492850e-03
1.042701446269648233e-03
1.076894367453586337e-03
1.112208433896275626e-03
1.148680447620235162e-03
1.186348240467770526e-03
1.225251521563738280e-03
1.265430015543306773e-03
1.306926161919046885e-03
1.349783067005003341e-03
1.394045021380336310e-03
1.439758307437120216e-03
1.486970531097740657e-03
1.535730767482637463e-03
1.586089746553161900e-03
1.638099825003505247e-03
1.691815275173823340e-03
1.747292109324430917e-03
1.804587706923098259e-03
1.863762013183596286e-03
1.924876258506263982e-03
1.987994525809631385e-03
2.053182089694860664e-03
2.120506845720543376e-03
2.190039032112918189e-03
2.261850778224852327e-03
2.336016963377454420e-03
2.412614649016891002e-03
2.491723580301506008e-03
2.573426265226645953e-03
2.657807370345427380e-03
2.744954705974042650e-03
2.834959293702186012e-03
2.927914250308531925e-03
3.023916785338684465e-03
3.123066261146221698e-03
3.225466116686587659e-03
3.331222878114002955e-03
3.440446513802757934e-03
3.553250397888350291e-03
3.669752130730747058e-03
3.790072960920472332e-03
3.914337572579817265e-03
4.042675493538661242e-03
4.175220116917734495e-03
4.312109096725041772e-03
4.453485129737691159e-03
4.599494851413542078e-03
4.750290142259305792e-03
4.906027806122250853e-03
5.066869898940111472e-03
5.232983208266177820e-03
5.404540894199711017e-03
5.581720777664200481e-03
5.764707305671840261e-03
5.953690428453009380e-03
6.148866662754770562e-03
6.350438575280433449e-03
6.558615968499291460e-03
6.773614994948852323e-03
6.995658733432464152e-03
7.224977973836580435e-03
7.461810956137173052e-03
7.706403840055946371e-03
7.959010141284039025e-03
8.219892421427992674e-03
8.489321452702307258e-03
8.767577152342630187e-03
9.054948000421813789e-03
9.351732764687500574e-03
9.658238960306795434e-03
9.974784875953835936e-03
1.030169913491966321e-02
1.063932055581944675e-02
1.098799933944719955e-02
1.134809757900167443e-02
1.171998833920024838e-02
1.210405736320785582e-02
1.250070286091110178e-02
1.291033593271127128e-02
1.333338136630587284e-02
1.377027733871314351e-02
1.422147676564709112e-02
1.468744657674754192e-02
1.516867018460001798e-02
1.566564537643876098e-02
1.617888695479642591e-02
1.670892607667127244e-02
1.725631161561294244e-02
1.782160999863957943e-02
1.840540586033333550e-02
1.900830346566813323e-02
1.963092594849187231e-02
2.027391714333781278e-02
2.093794175697482468e-02
2.162368616424141521e-02
2.233185883715950448e-02
2.306319093907421847e-02
2.381843786279541977e-02
2.459837945582977678e-02
2.540382072677671924e-02
2.623559231143589299e-02
2.709455221357944671e-02
2.798158634345902090e-02
2.889760913348244850e-02
2.984356401078892829e-02
3.082042575268648457e-02
3.182920026181911000e-02
3.287092575874308448e-02
3.394667397871910935e-02
3.505755159630518508e-02
3.620470070218172881e-02
3.738929983496502157e-02
3.861256639843378691e-02
3.987575592401360058e-02
4.118016481037051896e-02
4.252713149758419880e-02
4.391803640534486936e-02
4.535430518677745909e-02
4.683740879131357421e-02
4.836886544234046681e-02
4.995024176354628115e-02
5.158315466476340316e-02
5.326927272275931713e-02
5.501031764377377342e-02
5.680806611443957321e-02
5.866435180665292848e-02
6.058106638409643807e-02
6.256016178162268626e-02
6.460365184168939678e-02
6.671361461019488515e-02
6.889219383168625199e-02
7.114160150633387636e-02
7.346411875450756246e-02
7.586209990412549897e-02
7.833797275415989303e-02
8.089424194593627937e-02
8.353349093579055806e-02
8.625838395573126594e-02
8.907166949762668207e-02
9.197618192937603854e-02
9.497484406066768192e-02
9.807067002699915159e-02
1.012667682937979513e-01
1.045663438804581569e-01
1.079727009475871524e-01
1.114892465241174996e-01
1.151194935437843125e-01
1.188670622425018336e-01
1.227356855584077894e-01
1.267292104043486745e-01
1.308516021461829937e-01
1.351069474320806818e-01
1.394994577311892969e-01
1.440334722466216077e-01
1.487134627506618845e-01
1.535440361106014395e-01
1.585299377427400458e-01
1.636760570076927213e-01
1.689874291475594870e-01
1.744692406786306493e-01
1.801268318619915487e-01
1.859657024886421928e-01
1.919915146096864145e-01
1.982100978276088721e-01
2.046274522006250873e-01
2.112497538477035586e-01
2.180833584683010973e-01
2.251348062554786866e-01
2.324108258713441511e-01
2.399183391676659172e-01
2.476644657481328615e-01
2.556565278722074952e-01
2.639020541854349422e-01
2.724087847684317776e-01
2.811846764770796203e-01
2.902379056050711781e-01
2.995768750549585580e-01
3.092102164226959715e-01
3.191467963641022587e-01
3.293957201322539330e-01
3.399663362732381899e-01
3.508682408258034235e-01
3.621112822137187437e-01
3.737055639465904355e-01
3.856614507364795053e-01
3.979895703364104698e-01
4.107008183912876365e-01
4.238063618276415312e-01
4.373176417716215236e-01
4.512463767329221720e-01
4.656045650562328775e-01
4.804044881210484119e-01
4.956587113894098118e-01
5.113800865397828410e-01
5.275817527909942850e-01
5.442771370678126663e-01
5.614799554160835315e-01
5.792042104703100103e-01
5.974641929414017394e-01
6.162744775062218849e-01
6.356499221566708213e-01
6.556056637717597724e-01
6.761571141358366788e-01
6.973199544644370640e-01
7.191101294542369127e-01
7.415438396339767424e-01
7.646375324962828568e-01
7.884078924974594615e-01
8.128718287023821709e-01
8.380464631530366582e-01
8.639491139321324731e-01
8.905972801572281661e-01
9.180086216165930235e-01
9.462009386700376279e-01
9.751921487828454360e-01
1.005000260929253875e+00
1.035643346127686160e+00
1.067139507428731315e+00
1.099506843977041459e+00
1.132763414497925281e+00
1.166927195086081559e+00
1.202016034463512906e+00
1.238047604069656638e+00
1.275039345218755171e+00
1.313008410643039747e+00
1.351971600496473025e+00
1.391945294447086479e+00
1.432945377005866439e+00
1.474987157367113833e+00
1.518085281785103602e+00
1.562253640073281602e+00
1.607505265380377857e+00
1.653852222814494288e+00
1.701305493616156905e+00
1.749874848956653572e+00
1.799568711989426362e+00
1.850394013517654646e+00
1.902356034842764387e+00
1.955458238508087643e+00
2.009702088804871778e+00
2.065086857165773448e+00
2.121609416481759602e+00
2.179264017919712249e+00
2.238042054174334883e+00
2.297931805660647253e+00
2.358918169605040749e+00
2.420982369977426885e+00
2.484101648111244121e+00
2.548248933259535054e+00
2.613392489681658937e+00
2.679495542052908519e+00
2.746515875171436694e+00
2.814405407654569480e+00
2.883109737949494100e+00
2.952567662237758572e+00
3.022710659112793241e+00
3.093462345026783744e+00
3.164737890714615975e+00
3.236443406150818713e+00
3.308475282628048575e+00
3.380719497785795280e+00
3.453050874811030013e+00
3.525332298085324112e+00
3.597413881138792124e+00
3.669132083745699990e+00
3.740308775621595139e+00
3.810750245660141200e+00
3.880246150305022734e+00
3.948568402660409316e+00
4.015469992486473849e+00
4.080683742508262490e+00
4.143920987573428860e+00
4.204870180773506938e+00
4.263195418925657343e+00
4.318534883466261576e+00
4.370499195170109097e+00
4.418669671926119591e+00
4.462596493791879837e+00
4.501796763063851792e+00
4.535752457125322934e+00
4.563908270085919483e+00
4.585669333766739797e+00
4.600398817941595553e+00
4.607415398337931123e+00
4.605990588443879652e+00
4.595345929418002129e+00
4.574650032115934906e+00
4.543015457288998249e+00
4.499495438376019507e+00
4.443080428706885243e+00
4.372694469205709922e+00
4.287191371305208776e+00
4.185350699255361739e+00
4.065873551376821382e+00
3.927378122125249060e+00
3.768395045731920412e+00
3.587362498050242099e+00
3.382621062241149446e+00
3.152408330237517653e+00
2.894853245304428224e+00
2.607970160562248729e+00
2.289652608481868690e+00
1.937666770507221248e+00
1.549644625917262486e+00
1.123076773812331508e+00
6.553049116216539405e-01
1.435139538401861148e-01
-4.152762197892544416e-01
-1.024219406702243207e+00
-1.686652127644014731e+00
-2.406103097053132522e+00
-3.186303125558355376e+00
-4.031195489100888096e+00
-4.944946764906752001e+00
-5.931958169530790137e+00
-6.996877401979134881e+00
-8.144611035914298469e+00
-9.380337455038013417e+00
-1.070952037990290862e+01
-1.213792298441802231e+01
-1.367162265167745083e+01
-1.531702637266204015e+01
-1.708088681720556679e+01
-1.897031912284855792e+01
-2.099281839588595844e+01
-2.315627798489752465e+01
-2.546900853918138807e+01
-2.793975787713315739e+01
-3.057773171489312247e+01
-3.339261528067633122e+01
-3.639459583402621234e+01
-3.959438614459592287e+01
-4.300324895680632409e+01
-4.663302248771080372e+01
-5.049614697195780622e+01
-5.460569234531885030e+01
-5.897538702894311058e+01
-6.361964796149072754e+01
-6.855361181041010354e+01
-7.379316750141809678e+01
-7.935499008013586320e+01
-8.525657593539945367e+01
-9.151627948173423022e+01
-9.815335129989185248e+01
-1.051879778401097667e+02
-1.126413227385830851e+02
-1.205355697638585610e+02
-1.288939675257281579e+02
-1.377408759590910279e+02
-1.471018146148054484e+02
-1.570035130231629807e+02
-1.674739628537240037e+02
-1.785424723287726465e+02
-1.902397227070681822e+02
-2.025978269970878500e+02
-2.156503910528877554e+02
-2.294325769732316758e+02
-2.439811691283661048e+02
-2.593346426671710674e+02
-2.755332347771513923e+02
-2.926190187177816142e+02
-3.106359807725997371e+02
-3.296301001984138566e+02
-3.496494322270731914e+02
-3.707441944756906764e+02
-3.929668565689483444e+02
-4.163722332882002206e+02
-4.410175814139716977e+02
-4.669627002139591809e+02
-4.942700359542500337e+02
-5.230047903974665360e+02
-5.532350335360933968e+02
-5.850318206344547889e+02
-6.184693139071572432e+02
-6.536249087888716076e+02
-6.905793651946728460e+02
-7.294169438370271337e+02
-7.702255476144603108e+02
-8.130968687911336019e+02
-8.581265416763829990e+02
-9.054143009890744906e+02
-9.550641468308389221e+02
-1.007184515470348174e+03
-1.061888457085161008e+03
-1.119293820082952152e+03
-1.179523442820575156e+03
-1.242705352269229024e+03
-1.308972970718051783e+03
-1.378465330271760422e+03
-1.451327295477159623e+03
-1.527709794433363868e+03
-1.607770059422979102e+03
-1.691671875593557161e+03
-1.779585840394735214e+03
-1.871689632338660431e+03
-1.968168289757752973e+03
-2.069214501131801626e+03
-2.175028905829184168e+03
-2.285820406494016879e+03
-2.401806493885016152e+03
-2.523213583176400789e+03
-2.650277364461838260e+03
-2.783243165387227691e+03
-2.922366328614798022e+03
-3.067912603433982895e+03
-3.220158552169364157e+03
-3.379391972945499674e+03
-3.545912337308689985e+03
-3.720031246384303813e+03
-3.902072903010906430e+03
-4.092374603360748551e+03
-4.291287246108778163e+03
-4.499175862667380898e+03
-4.716420166696944761e+03
-4.943415125217364221e+03
-5.180571552437889295e+03
-5.428316725458967085e+03
-5.687095024588220440e+03
-5.957368597988994225e+03
-6.239618053374619194e+03
-6.534343174154082590e+03
-6.842063666530993032e+03
-7.163319933877522089e+03
-7.498673881539622016e+03
-7.848709753516153796e+03
-8.214035002696889933e+03
-8.595281194344957839e+03
-8.993104945513618077e+03
-9.408188902813300956e+03
-9.841242756661713429e+03
-1.029300429826762047e+04
-1.076424051800817688e+04
-1.125574874747134709e+04
-1.176835784720286392e+04
-1.230292944402497233e+04
-1.286035921711529409e+04
-1.344157823510760318e+04
-1.404755435224698886e+04
-1.467929365464198781e+04
-1.533784197444552046e+04
-1.602428646009859767e+04
-1.673975721285542386e+04
-1.748542899641488111e+04
-1.826252301098783573e+04
-1.907230874720905922e+04
-1.991610591744025442e+04
-2.079528646905659480e+04
-2.171127668200905100e+04
-2.266555936143903455e+04
-2.365967612022632238e+04
-2.469522976476683107e+04
-2.577388678403658923e+04
-2.689737994696537135e+04
-2.806751102045481821e+04
-2.928615360203498858e+04
-3.055525608712689063e+04
-3.187684476462789826e+04
-3.325302706162807590e+04
-3.468599493097390950e+04
-3.617802840252930037e+04
-3.773149929210179107e+04
-3.934887509984869394e+04
-4.103272307808941696e+04
-4.278571450951800944e+04
-4.461062918337092560e+04
-4.651036009605561412e+04
-4.848791837891684554e+04
-5.054643848559101752e+04
-5.268918361764035944e+04
-5.491955145406123484e+04
-5.724108015039945167e+04
-5.965745466854217375e+04
-6.217251343265964533e+04
-6.479025533309061575e+04
-6.751484711610506929e+04
-7.035063116303022252e+04
-7.330213371828940581e+04
-7.637407354715668771e+04
-7.957137109815304575e+04
-8.289915818780963309e+04
-8.636278823061991716e+04
-8.996784707283608441e+04
-9.372016447177068039e+04
-9.762582625425000151e+04
-1.016911872048555670e+05
-1.059228847615701379e+05
-1.103278535508920177e+05
-1.149133408427587565e+05
-1.196869229855107260e+05
-1.246565229200572649e+05
-1.298304288276070438e+05
-1.352173140348347661e+05
-1.408262582461647398e+05
-1.466667702480545559e+05
-1.527488121795954357e+05
-1.590828255264541949e+05
-1.656797589738498209e+05
-1.725510982817737386e+05
-1.797088983812521328e+05
-1.871658178644036816e+05
-1.949351561223740864e+05
-2.030308933512437507e+05
-2.114677337226805103e+05
-2.202611519975093543e+05
-2.294274439693326131e+05
-2.389837810507792747e+05
-2.489482695044483698e+05
-2.593400147606970859e+05
-2.701791913100261008e+05
-2.814871189001035527e+05
-2.932863455856614164e+05
-3.056007384766804753e+05
-3.184555830834279186e+05
-3.318776921317215310e+05
-3.458955251144861104e+05
-3.605393198306841077e+05
-3.758412372657406959e+05
-3.918355217073777458e+05
-4.085586778974921908e+05
-4.260496674383981735e+05
-4.443501272014144342e+05
-4.635046125670040492e+05
-4.835608691478069522e+05
-5.045701369210141129e+05
-5.265874917891337536e+05
-5.496722299434755696e+05
-5.738883018693750491e+05
-5.993048039373185020e+05
-6.259965367718563648e+05
-6.540446418525211047e+05
-6.835373298161381390e+05
-7.145707168568456545e+05
-7.472497889398625121e+05
-7.816895183773023309e+05
