1.677900041090258725e-09
1.648444491976626543e-09
1.687315620511909666e-09
1.778104774481382947e-09
1.678821526188787652e-09
1.901136137349916476e-09
1.929351789383207475e-09
2.029488355085330300e-09
1.940116955910979693e-09
2.175791546860211062e-09
2.238834673130314617e-09
2.372495311238210609e-09
2.334380244574322634e-09
2.378411911769730471e-09
2.509092933323009607e-09
2.474864091333387947e-09
2.780097263397217686e-09
2.675214938342505406e-09
2.912955876381609345e-09
2.997294856617059840e-09
2.942470711384185149e-09
3.238784129620864093e-09
3.138152404435373778e-09
3.401578130101444910e-09
3.526112068806283927e-09
3.530510328327961164e-09
3.647562696112882051e-09
3.900207268028150887e-09
4.025234145752391826e-09
4.036932121657242678e-09
4.196503810835193459e-09
4.241448525433149007e-09
4.438357236971494571e-09
4.539451481037235323e-09
4.802220842839612615e-09
4.976265177315285911e-09
5.073509389971757325e-09
5.341524555560479903e-09
5.289642723367295590e-09
5.682480485655549316e-09
5.761222387509776263e-09
6.039755361936463156e-09
6.283585429146325539e-09
6.481203351131997234e-09
6.649564898014693997e-09
6.793982042877818977e-09
6.926204275990667532e-09
7.294555403315762448e-09
7.418438529239212360e-09
7.800333711323638567e-09
7.948038670633971754e-09
8.119012794313524267e-09
8.578816322825846772e-09
8.829662555422542258e-09
9.131621901755742688e-09
9.499411256194592614e-09
9.690455547598098990e-09
9.967588974815233899e-09
1.033775864740002541e-08
1.056334664001589247e-08
1.090714562917123874e-08
1.138529115221543787e-08
1.175095820427000596e-08
1.202392762896333616e-08
1.246802216772579644e-08
1.284247441454451768e-08
1.341399324662407463e-08
1.369839930069514558e-08
1.420824013670641035e-08
1.471131216496737286e-08
1.522240533252215500e-08
1.575803220845938577e-08
1.633790746711469599e-08
1.672396398691748333e-08
1.719157837826826194e-08
1.800831083738787679e-08
1.843625740411652696e-08
1.900463497098483666e-08
1.973220897164147065e-08
2.038917145563819278e-08
2.099459250182298153e-08
2.183019031451409191e-08
2.241131901472453993e-08
2.326860192550854802e-08
2.392078423309181730e-08
2.465129055457821240e-08
2.548268550680633783e-08
2.644328865868564208e-08
2.731406810648842041e-08
2.812218656673097961e-08
2.889881133038272834e-08
2.992778556862675943e-08
3.099146027153443428e-08
3.187052664574457609e-08
3.310620975603543266e-08
3.397678425624402777e-08
3.527862400211093882e-08
3.629138254447480329e-08
3.756054642815393485e-08
3.887587049852275163e-08
4.002959006123398718e-08
4.131436323624612655e-08
4.277934381569724355e-08
4.421792062696599909e-08
4.567939134706278731e-08
4.721417808697234937e-08
4.862153453818974674e-08
5.020818534638993964e-08
5.177598168088295177e-08
5.363658645935288866e-08
5.534264663828431873e-08
5.720916601849846463e-08
5.904637062566055921e-08
6.091886455960245527e-08
6.289492875677357822e-08
6.504413800744622126e-08
6.718579529886121663e-08
6.939372269048909898e-08
7.174457908375874018e-08
7.406693316506829109e-08
7.644035706106026215e-08
7.894940424701846890e-08
8.143099694943919925e-08
8.422614905208355346e-08
8.692256147115142205e-08
8.986965003621810741e-08
9.266218223280290071e-08
9.565487231931701243e-08
9.895229841942135449e-08
1.021603060462190753e-07
1.053923788666142212e-07
1.090164285816479485e-07
1.126481095248265795e-07
1.161603839824979890e-07
1.199337467014005334e-07
1.240989926118923949e-07
1.280391512383778794e-07
1.321473314612438323e-07
1.365690020277759483e-07
1.409495739129841115e-07
1.456991937001705618e-07
1.504723442188677842e-07
1.554377687106168857e-07
1.605120583397190809e-07
1.658757184947673287e-07
1.712047787694473950e-07
1.769409376192628553e-07
1.825243581978956447e-07
1.886599251054735906e-07
1.947998232127978809e-07
2.011590911732134938e-07
2.077089844241370498e-07
2.146765515677724278e-07
2.215437767508507909e-07
2.288080019195477523e-07
2.364693602999869955e-07
2.440324011003609864e-07
2.522713143659187332e-07
2.604554552114980601e-07
2.688730786257373246e-07
2.778214208377690521e-07
2.868503297085767630e-07
2.962755728730373167e-07
3.059236511153989067e-07
3.161288956631959614e-07
3.264860424739249887e-07
3.371017269133379802e-07
3.480979262979800970e-07
3.596071259834261915e-07
3.715202132305984855e-07
3.834932334350185224e-07
3.962003008973818997e-07
4.090715137127207647e-07
4.225573286646396902e-07
4.363697492357094420e-07
4.507367352964081019e-07
4.654030725587153182e-07
4.808789517928505874e-07
4.966877757946574704e-07
5.128761647857363812e-07
5.297566455131063606e-07
5.471569719458450659e-07
5.649257338636071023e-07
5.834353127226095014e-07
6.025725381618083567e-07
6.224998755532549671e-07
6.428938094453129688e-07
6.639633526678117415e-07
6.856843431994689676e-07
7.080555609060482635e-07
7.313567395396080384e-07
7.553861780665157461e-07
7.802233486586151827e-07
8.057199688173394471e-07
8.322611697887171852e-07
8.595063607006178787e-07
8.876472312810087902e-07
9.166574415531329877e-07
9.467905173474751421e-07
9.778333160394661502e-07
1.009856619462674101e-06
1.042966060221404383e-06
1.077306822835902950e-06
1.112555140732094445e-06
1.148931975804937074e-06
1.186696545627315214e-06
1.225646921694026419e-06
1.265876287831747266e-06
1.307269757195072162e-06
1.350262655020128856e-06
1.394582046544524919e-06
1.440253667377104743e-06
1.487357161358413174e-06
1.536272971916538468e-06
1.586681040649136012e-06
1.638570463513070699e-06
1.692487440821223497e-06
1.748033082267279737e-06
1.805122767392452373e-06
1.864486642337926478e-06
1.925663907123705864e-06
1.988763338126667544e-06
2.053964849169155462e-06
2.121267619528567492e-06
2.190997807813183874e-06
2.262800234861987699e-06
2.336905360104989293e-06
2.413625001037114885e-06
2.492851475921184053e-06
2.574564186617554977e-06
2.658832696258706605e-06
2.746071425611287432e-06
2.836288616045268462e-06
2.929087604539859383e-06
3.025179835426200375e-06
3.124377777056033624e-06
3.226853811335192775e-06
3.332642845140774295e-06
3.442146998321344882e-06
3.554880909732370244e-06
3.671494206219063334e-06
3.792006994646203587e-06
3.916319733590788113e-06
4.044725692792640751e-06
4.177403770783596885e-06
4.314429113387657102e-06
4.455776218012666205e-06
4.602080268525027813e-06
4.752876377168823004e-06
4.908622748191528376e-06
5.069698379483480560e-06
5.235904345716504441e-06
5.407725473186811727e-06
5.585085633898773935e-06
5.768099913159956974e-06
5.957341383227959007e-06
6.152832217423386945e-06
6.354560413267922003e-06
6.562989536475044709e-06
6.778054376827097227e-06
7.000434045995776665e-06
7.230042049063852503e-06
7.467049272127869626e-06
7.711885211024793128e-06
7.964997848476226277e-06
8.226108102947721299e-06
8.495979971505008595e-06
8.774415590234615654e-06
9.062280950732260162e-06
9.359498375584055112e-06
9.666319119233049783e-06
9.983334468095313947e-06
1.031072726656268805e-05
1.064904359348918448e-05
1.099819302167988284e-05
1.135897678253073799e-05
1.173133266087270495e-05
1.211611448737526234e-05
1.251334109331836665e-05
1.292371900396987733e-05
1.334765567732309581e-05
1.378552027062486005e-05
1.423740931780552502e-05
1.470442444557834291e-05
1.518666570249609968e-05
1.568477095034071140e-05
1.619891596111312613e-05
1.673035024286090869e-05
1.727889394669780747e-05
1.784572801536303722e-05
1.843089298209079702e-05
1.903533223320546481e-05
1.965964309350828174e-05
2.030435942209760141e-05
2.097022277809574588e-05
2.165795088189413815e-05
2.236801573268215869e-05
2.310167071157937264e-05
2.385921693880381776e-05
2.464179178750613869e-05
2.544988167957778593e-05
2.628436417594971243e-05
2.714653374712135755e-05
2.803661756948682191e-05
2.895608058264894722e-05
2.990588955831805141e-05
3.088654738605953664e-05
3.189938728791263738e-05
3.294560137433143323e-05
3.402602352315417766e-05
3.514192588198036604e-05
3.629429787882451381e-05
3.748464770442649934e-05
3.871403085070544264e-05
3.998360218975639336e-05
4.129490732166305459e-05
4.264917776923309500e-05
4.404762690539899866e-05
4.549225680429910281e-05
4.698414129581946207e-05
4.852499770891450690e-05
5.011647361935132433e-05
5.175996452481958188e-05
5.345741571078370158e-05
5.521037941435246994e-05
5.702108173437834789e-05
5.889097666841000588e-05
6.082232237683716104e-05
6.281698912456380637e-05
6.487703183753148106e-05
6.700476311148854806e-05
6.920207377784953111e-05
7.147151564813934797e-05
7.381562560352449378e-05
7.623625049363034795e-05
7.873639963673823884e-05
8.131856322985306601e-05
8.398531276781715535e-05
8.673964125377738401e-05
8.958430659827774640e-05
9.252218294714222361e-05
9.555636444700850581e-05
9.869001624243149110e-05
1.019264866521976518e-04
1.052691712369437170e-04
1.087216239995847286e-04
1.122869283180063165e-04
1.159693312560389976e-04
1.197726059251803690e-04
1.237004415776381955e-04
1.277573352521060954e-04
1.319469696581324341e-04
1.362741244545570421e-04
1.407433147048436505e-04
1.453586994621791759e-04
1.501257469185511009e-04
1.550491461152818601e-04
1.601339764243179934e-04
1.653853856087262816e-04
1.708092824694910862e-04
1.764107549388870932e-04
1.821962849072250384e-04
1.881711852055501400e-04
1.943423217292699517e-04
2.007155582680945590e-04
2.072980002226072174e-04
2.140962066446500860e-04
2.211174361115106509e-04
2.283688849313553323e-04
2.358581958583333535e-04
2.435929594887409496e-04
2.515814958949746764e-04
2.598321204253301779e-04
2.683531855270145788e-04
2.771536281569022880e-04
2.862427773372074350e-04
2.956301651256606632e-04
3.053251023003012137e-04
3.153382790538966033e-04
3.256795894496391608e-04
3.363600189268423643e-04
3.473907415332510283e-04
3.587832695299842116e-04
3.705495942193344017e-04
3.827015864543686224e-04
3.952519359753373291e-04
4.082140796251736473e-04
4.216011485378835084e-04
4.354274404139026706e-04
4.497071455548148737e-04
4.644550937996785932e-04
4.796865211488761166e-04
4.954175977221182779e-04
5.116644749347396470e-04
5.284443503278098229e-04
5.457742980304497752e-04
5.636726275030406108e-04
5.821580025005560150e-04
6.012495861552099707e-04
6.209671987950130499e-04
6.413315146598452072e-04
6.623635065278926691e-04
6.840851929255303355e-04
7.065193808183389563e-04
7.296892004491380276e-04
7.536189121678624637e-04
7.783332352416325733e-04
8.038582155187065734e-04
8.302201019333127052e-04
8.574467730168277299e-04
8.855659266410361970e-04
9.146075651377428162e-04
9.446012469287080491e-04
9.755788905465256856e-04
1.007572088629946246e-03
1.040614485074277439e-03
1.074740664899966709e-03
1.109985839890785791e-03
1.146386830810465669e-03
1.183981584395690225e-03
1.222809221173900640e-03
1.262910145767998267e-03
1.304325934367642995e-03
1.347100034855842768e-03
1.391276742951396903e-03
1.436902247904787294e-03
1.484023963923673632e-03
1.532690920020287999e-03
1.582953957886164059e-03
1.634864969897483269e-03
1.688478466205268601e-03
1.743850182824639673e-03
1.801037504665531927e-03
1.860100213318177089e-03
1.921099785782201357e-03
1.984099765911285368e-03
2.049165707463326564e-03
2.116365185687749291e-03
2.185768385779905242e-03
2.257447267137226501e-03
2.331476807010555465e-03
2.407934073337757771e-03
2.486898381218045819e-03
2.568452301734313464e-03
2.652680229930348341e-03
2.739670333806636451e-03
2.829512813453166978e-03
2.922301540611601470e-03
3.018133022440574239e-03
3.117106743376809458e-03
3.219326107417427169e-03
3.324897237549822530e-03
3.433930407536611197e-03
3.546538569070692599e-03
3.662839542256820808e-03
3.782954032126395992e-03
3.907007079577839645e-03
4.035127866953860595e-03
4.167449674006555582e-03
4.304110482889642215e-03
4.445252480192461546e-03
4.591022467213189302e-03
4.741572176986914161e-03
4.897058268174258981e-03
5.057642725446313478e-03
5.223492701785997089e-03
5.394780781565516360e-03
5.571684940890172556e-03
5.754389705223393083e-03
5.943085249188276645e-03
6.137967708142030507e-03
6.339239711962181036e-03
6.547111391896806229e-03
6.761798342616318416e-03
6.983524361121372891e-03
7.212520396465272980e-03
7.449024264524478980e-03
7.693282387389663822e-03
7.945548773989428298e-03
8.206086056012158042e-03
8.475165297781285523e-03
8.753066607308911812e-03
9.040078544452321771e-03
9.336500373420521248e-03
9.642640356263486659e-03
9.958816912262734647e-03
1.028535886112938794e-02
1.062260603435776982e-02
1.097090926193156242e-02
1.133063072842815239e-02
1.170214474756743617e-02
1.208583792973688155e-02
1.248210902799020902e-02
1.289137048355318456e-02
1.331404764717776523e-02
1.375058025176723736e-02
1.420142258589305456e-02
1.466704293134825886e-02
1.514792601338139227e-02
1.564457122915647452e-02
1.615749567934699968e-02
1.668723225316056519e-02
1.723433182101892502e-02
1.779936300829551218e-02
1.838291335856055350e-02
1.898558938738737628e-02
1.960801754212537773e-02
2.025084487252536494e-02
2.091473937671820688e-02
2.160039086739362624e-02
2.230851232416666136e-02
2.303983901814925933e-02
2.379513097758283180e-02
2.457517325639061584e-02
2.538077583006633983e-02
2.621277562054393981e-02
2.707203695799768883e-02
2.795945222045436579e-02
2.887594296326452190e-02
2.982246107302100047e-02
3.079998918644050523e-02
3.180954247529581280e-02
3.285216876396448993e-02
3.392895031770819941e-02
3.504100507337949699e-02
3.618948682659640925e-02
3.737558746261638448e-02
3.860053773018288364e-02
3.986560862599162341e-02
4.117211217105428561e-02
4.252140338774568207e-02
4.391488201505081013e-02
4.535399275453341067e-02
4.684022761585528161e-02
4.837512739890351826e-02
4.996028287704079585e-02
5.159733696610280945e-02
5.328798572873900269e-02
5.503398071458432544e-02
5.683713049669230494e-02
5.869930245791606799e-02
6.062242486425363508e-02
6.260848856624511016e-02
6.465954891378181135e-02
6.677772891135692890e-02
6.896521997429361228e-02
7.122428460879016987e-02
7.355725932328877059e-02
7.596655636664419176e-02
7.845466589769686805e-02
8.102415962666209559e-02
8.367769206810612981e-02
8.641800446529164514e-02
8.924792596473068995e-02
9.217037873862081454e-02
9.518837875165199469e-02
9.830503940994972378e-02
1.015235759058389364e-01
1.048473068487234677e-01
1.082796583088343756e-01
1.118241669434435898e-01
1.154844837447957656e-01
1.192643781033323053e-01
1.231677408106148924e-01
1.271985878319441265e-01
1.313610650761463383e-01
1.356594519803086263e-01
1.400981658776422611e-01
1.446817662432567930e-01
1.494149592494570522e-01
1.543026025801303436e-01
1.593497096018035020e-01
1.645614551758744770e-01
1.699431796503484693e-01
1.755003948504268441e-01
1.812387894586612591e-01
1.871642339603947214e-01
1.932827866462306643e-01
1.996006993770254312e-01
2.061244235972916061e-01
2.128606172977164646e-01
2.198161495996616976e-01
2.269981089310916522e-01
2.344138089816973636e-01
2.420707964680792190e-01
2.499768564991768915e-01
2.581400223338267685e-01
2.665685804891198551e-01
2.752710802496919351e-01
2.842563408478260834e-01
2.935334599742716044e-01
3.031118212895542174e-01
3.130011046852198553e-01
3.232112934820918215e-01
3.337526845940655962e-01
3.446358973435617035e-01
3.558718828824765645e-01
3.674719347517131918e-01
3.794476984061644353e-01
3.918111814420626726e-01
4.045747643185423348e-01
4.177512117481680387e-01
4.313536826459593021e-01
4.453957421955622165e-01
4.598913739987801619e-01
4.748549910177257138e-01
4.903014479062028919e-01
5.062460540531386055e-01
5.227045860809192979e-01
5.396933003240503846e-01
5.572289465108201112e-01
5.753287817129218995e-01
5.940105828350015216e-01
6.132926624331076493e-01
6.331938816038827911e-01
6.537336656010448444e-01
6.749320175902560059e-01
6.968095348052252280e-01
7.193874229332211101e-01
7.426875127520526920e-01
7.667322748183340586e-01
7.915448359130059508e-01
8.171489954945212464e-01
8.435692410941263431e-01
8.708307661347353124e-01
8.989594852096246536e-01
9.279820518295677223e-01
9.579258749296483133e-01
9.888191352639250642e-01
1.020690802876923930e+00
1.053570654622165481e+00
1.087489289299435669e+00
1.122478145912277459e+00
1.158569520161310873e+00
1.195796580556753641e+00
1.234193385010111221e+00
1.273794895943723748e+00
1.314636997811586827e+00
1.356756510781079283e+00
1.400191205270967076e+00
1.444979818195357923e+00
1.491162063761736434e+00
1.538778648665942717e+00
1.587871282139050155e+00
1.638482688041104751e+00
1.690656614882055875e+00
1.744437842803954197e+00
1.799872193490784644e+00
1.857006533557875594e+00
1.915888779853486046e+00
1.976567901579014519e+00
2.039093920072188482e+00
2.103517907955151589e+00
2.169891982471897851e+00
2.238269300501932513e+00
2.308704047455516051e+00
2.381251423021179203e+00
2.455967625666754195e+00
2.532909830864188194e+00
2.612136166899398315e+00
2.693705684433977954e+00
2.777678322469272487e+00
2.864114868182904949e+00
2.953076912247509345e+00
3.044626795248183804e+00
3.138827550173968195e+00
3.235742835822015273e+00
3.335436862464210339e+00
3.437974309238530868e+00
3.543420232020344507e+00
3.651839962564142006e+00
3.763298993118305180e+00
3.877862854874787324e+00
3.995596979065556553e+00
4.116566548039436668e+00
4.240836328854005188e+00
4.368470494181405428e+00
4.499532425068767161e+00
4.634084495651539903e+00
4.772187838688953576e+00
4.913902091072691825e+00
5.059285117336291826e+00
5.208392707096949792e+00
5.361278250626689612e+00
5.517992384959857333e+00
5.678582610190041180e+00
5.843092876633884103e+00
6.011563135944958169e+00
6.184028860147310347e+00
6.360520517755054115e+00
6.541063012712380775e+00
6.725675077057193363e+00
6.914368619058787857e+00
7.107148018577473358e+00
7.304009373076904232e+00
7.504939681147715369e+00
7.709915970831364262e+00
7.918904358615283634e+00
8.131859043115955643e+00
8.348721220634335083e+00
8.569417925322561302e+00
8.793860784193888946e+00
9.021944682265703008e+00
9.253546333256021938e+00
9.488522747887563114e+00
9.726709594276297111e+00
9.967919444551434083e+00
1.021193989642887168e+01
1.045853156660628436e+01
1.070742594455096253e+01
1.095832309891671841e+01
1.121088922743641803e+01
1.146475403919180813e+01
1.171950796129223882e+01
1.197469915638082760e+01
1.222983034007241976e+01
1.248435538696704761e+01
1.273767571095453377e+01
1.298913640623318955e+01
1.323802213550523810e+01
1.348355274718925578e+01
1.372487861107327767e+01
1.396107564708853843e+01
1.419114003709585248e+01
1.441398259376083502e+01
1.462842277584656436e+01
1.483318231351990235e+01
1.502687843952353397e+01
1.520801668912232429e+01
1.537498324805974548e+01
1.552603682884279657e+01
1.565930003309772722e+01
1.577275019168182091e+01
1.586420963497623937e+01
1.593133536436079822e+01
1.597160811080567200e+01
1.598232070860312604e+01
1.596056578750441801e+01
1.590322272425098049e+01
1.580694380229962093e+01
1.566813957042997707e+01
1.548296332628431671e+01
1.524729468800099674e+01
1.495672221956833603e+01
1.460652503831250115e+01
1.419165335616584045e+01
1.370670792331999444e+01
1.314591828456025979e+01
1.250311981065182820e+01
1.177172942198065186e+01
1.094471997776853556e+01
1.001459321253962642e+01
8.973351199574137738e+00
7.812466221320476301e+00
6.522849016883676576e+00
5.094815283189177535e+00
3.518050404529099229e+00
1.781572244407330086e+00
-1.263079885040368777e-01
-2.218026995650155708e+00
-4.506812750532704470e+00
-7.006730178707579526e+00
-9.732729158618170118e+00
-1.270069499093798626e+01
-1.592750148308418900e+01
-1.943106666160504048e+01
-2.323041131372220747e+01
-2.734572046769584119e+01
-3.179840786670266439e+01
-3.661118363599238279e+01
-4.180812527789748145e+01
-4.741475202622587659e+01
-5.345810282216198317e+01
-5.996681798878034897e+01
-6.697122477224786508e+01
-7.450342682566166275e+01
-8.259739795229462800e+01
-9.128908006144312992e+01
-1.006164856958021545e+02
-1.106198051295363456e+02
-1.213415183009328615e+02
-1.328265117770792187e+02
-1.451222008354073978e+02
-1.582786569063414674e+02
-1.723487405732024627e+02
-1.873882403620280854e+02
-2.034560173372848908e+02
-2.206141559335071349e+02
-2.389281211207290596e+02
-2.584669221808372868e+02
-2.793032830875393984e+02
-3.015138201358734023e+02
-3.251792266621506542e+02
-3.503844652920450926e+02
-3.772189679196204111e+02
-4.057768435580158553e+02
-4.361570947208865618e+02
-4.684638419187572822e+02
-5.028065572170932569e+02
-5.393003067589751254e+02
-5.780660027230626383e+02
-6.192306647280844345e+02
-6.629276915025546941e+02
-7.092971426117222791e+02
-7.584860308651080913e+02
-8.106486259420541955e+02
-8.659467687899410748e+02
-9.245501983358906273e+02
-9.866368898638713745e+02
-1.052393406139263107e+03
-1.122015261137587004e+03
-1.195707297393101499e+03
-1.273684077054586169e+03
-1.356170286959884152e+03
-1.443401158619871467e+03
-1.535622903674475083e+03
-1.633093164653681470e+03
-1.736081482210674267e+03
-1.844869779770317791e+03
-1.959752864604379738e+03
-2.081038948129910295e+03
-2.209050184272027309e+03
-2.344123227733769454e+03
-2.486609812287153090e+03
-2.636877349798241084e+03
-2.795309551773509611e+03
-2.962307072295073340e+03
-3.138288175492069968e+03
-3.323689427123259975e+03
-3.518966410604830344e+03
-3.724594470887917851e+03
-3.941069484267799453e+03
-4.168908657647608379e+03
-4.408651357170056144e+03
-4.660859967131882513e+03
-4.926120782010782932e+03
-5.205044931271555470e+03
-5.498269339506071447e+03
-5.806457722461373123e+03
-6.130301621408498249e+03
-6.470521476889725818e+03
-6.827867744352550289e+03
-7.203122051094344897e+03
-7.597098400867670534e+03
-8.010644424004887696e+03
-8.444642675564213278e+03
-8.900011988151498372e+03
-9.377708874856552939e+03
-9.878728990385860016e+03
-1.040410865212554563e+04
-1.095492641937519693e+04
-1.153230474000860158e+04
-1.213741166313120993e+04
-1.277146262495410883e+04
-1.343572230444838897e+04
-1.413150656119919040e+04
-1.486018445397691539e+04
-1.562318034243083275e+04
-1.642197608127121202e+04
-1.725811330925345828e+04
-1.813319583757656437e+04
-1.904889213903728887e+04
-2.000693795376744674e+04
-2.100913900371055570e+04
-2.205737383546704223e+04
-2.315359678499024812e+04
-2.429984108319443112e+04
-2.549822210015875680e+04
-2.675094074111630471e+04
-2.806028700045343794e+04
-2.942864368719182312e+04
-3.085849032057524528e+04
-3.235240721563049010e+04
-3.391307977375067276e+04
-3.554330296806035039e+04
-3.724598606481160095e+04
-3.902415757224278786e+04
-4.088097044004877534e+04
-4.281970752342625201e+04
-4.484378732650625170e+04
-4.695677004850364756e+04
-4.916236394024293986e+04
-5.146443199886893126e+04
-5.386699903075224574e+04
-5.637425907604610984e+04
-5.899058326681396284e+04
-6.172052809341500688e+04
-6.456884415953736607e+04
-6.754048540529569436e+04
-7.064061888996898779e+04
-7.387463511712705076e+04
-7.724815897606311773e+04
-8.076706134422228206e+04
-8.443747136431075342e+04
-8.826578949641306826e+04
-9.225870135653273610e+04
-9.642319243592079147e+04
-1.007665637415112433e+05
-1.052964484518528043e+05
-1.100208296540004958e+05
-1.149480592636214715e+05
-1.200868781777424738e+05
-1.254464378589763510e+05
-1.310363233389710076e+05
-1.368665778873190284e+05
-1.429477294154083065e+05
-1.492908187536260812e+05
-1.559074300595255336e+05
-1.628097234296525130e+05
-1.700104700185929250e+05
-1.775230898276545922e+05
-1.853616924449603830e+05
-1.935411210357561649e+05
-2.020769998627788736e+05
-2.109857857047903235e+05
-2.202848235764689452e+05
-2.299924071813974006e+05
-2.401278445803433424e+05
-2.507115296465473075e+05
-2.617650199375833618e+05
-2.733111216523482581e+05
-2.853739825576007715e+05
-2.979791936533894041e+05
-3.111539007573470008e+05
-3.249269270596519927e+05
-3.393289080662159249e+05
-3.543924404383773217e+05
-3.701522464415602153e+05
-3.866453561102055828e+05
-4.039113094027261250e+05
-4.219923811027047341e+05
-4.409338315502469777e+05
-4.607841869388663908e+05
-4.815955534048734116e+05
-5.034239699725991813e+05
-5.263298062926905695e+05
-5.503782121272940421e+05
-5.756396269421034958e+05
-6.021903596419839887e+05
-6.301132500972966664e+05
-6.594984270673634019e+05
-6.904441797535058577e+05
-7.230579640121121192e+05
-7.574575692511601374e+05
-7.937724777179997182e+05
-8.321454556348938495e+05
-8.727344253778180573e+05
-9.157146807047908660e+05
-9.612815231032067677e+05
-1.009653419848284568e+06
-1.061075812149509788e+06
-1.115825742289117072e+06
-1.174217519530123798e+06
-1.236609719710964710e+06
-1.303413913448428037e+06
-1.375105663326534443e+06
-1.452238537834653631e+06
-1.535462194409857737e+06
-1.625546040299317334e+06
-1.723410674983510980e+06
-1.830170408553486224e+06
-1.947191903397462564e+06
-2.076176896434684051e+06
-2.219281960311949253e+06
-2.379297219918085262e+06
-2.559922766638945322e+06
-2.766214960630445741e+06
-3.005346022154449485e+06
-3.287985307933077216e+06
-3.631036561173604336e+06
-4.063734389895027038e+06
-4.643736433634460904e+06
-5.513176075852537528e+06
-7.251788413698788732e+06
nan
nan
nan
nan
nan
nan
nan
nan
nan
nan
nan
nan
nan
nan
nan
nan
nan
nan
nan
nan
nan
nan
nan
nan
nan
nan
