1.277517126857068185e-03
1.319412945058438032e-03
1.362682552232363396e-03
1.407371521122735818e-03
1.453525908154421238e-03
1.501193797070361161e-03
1.550425098503321842e-03
1.601270849502926894e-03
1.653784020317087145e-03
1.708019568898562664e-03
1.764033493289388641e-03
1.821884651281810994e-03
1.881632810037293371e-03
1.943340461770445230e-03
2.007071643315281283e-03
2.072893001257303421e-03
2.140873103930803368e-03
2.211082522321268333e-03
2.283594399148163642e-03
2.358484275029343585e-03
2.435829917109275707e-03
2.515712407487519231e-03
2.598214460921244914e-03
2.683422279982055746e-03
2.771424379948612699e-03
2.862312439814287523e-03
2.956181144739875033e-03
3.053128539603724122e-03
3.153254862869533937e-03
3.256665181802691558e-03
3.363466474273530456e-03
3.473770503135296603e-03
3.587691931804709838e-03
3.705349190381730055e-03
3.826865101329114845e-03
3.952366260446739388e-03
4.081982906744522840e-03
4.215850577021625079e-03
4.354108229696117792e-03
4.496900146938945242e-03
4.644374588210229381e-03
4.796685688413724648e-03
4.953991622535339721e-03
5.116456519054511307e-03
5.284249378883458872e-03
5.457544754227341977e-03
5.636523433205019654e-03
5.821371872341244043e-03
6.012282137942435122e-03
6.209453371792539658e-03
6.413090727836064618e-03
6.623406102287244732e-03
6.840619101363930310e-03
7.064955255742511736e-03
7.296648529312307722e-03
7.535940294580155061e-03
7.783079335979805648e-03
8.038323373360443252e-03
8.301937809341032246e-03
8.574197775950007788e-03
8.855386155132712045e-03
9.145796132426319350e-03
9.445730002713346313e-03
9.755500228769160148e-03
1.007542927377538984e-02
1.040585018170724248e-02
1.074710717684054448e-02
1.109955577532274577e-02
1.146356264843530204e-02
1.183950701089201037e-02
1.222778051424096464e-02
1.262878715173953136e-02
1.304294468324541934e-02
1.347068457128013964e-02
1.391245192192430875e-02
1.436870696170603791e-02
1.483992475567473719e-02
1.532659620951037568e-02
1.582922757303095035e-02
1.634834272845019087e-02
1.688448223012153221e-02
1.743820436393049914e-02
1.801008548535048409e-02
1.860072111468872788e-02
1.921072681874438220e-02
1.984073707998738889e-02
2.049140873675021207e-02
2.116341888937198906e-02
2.185746737241197127e-02
2.257427698159666235e-02
2.331459396914229223e-02
2.407918983714932293e-02
2.486886011735220739e-02
2.568442747177871258e-02
2.652674104176283923e-02
2.739667832958727831e-02
2.829514461256584651e-02
2.922307614647789986e-02
3.018143862286330401e-02
3.117123044735564327e-02
3.219348225933275215e-02
3.324925851692402817e-02
3.433965860211866949e-02
3.546581821976804022e-02
3.662890957196306141e-02
3.783014434394995490e-02
3.907077345239533955e-02
4.035208835290472057e-02
4.167542364073029137e-02
4.304215743258952426e-02
4.445371281059259938e-02
4.591155954629178720e-02
4.741721614092763576e-02
4.897225014889931144e-02
5.057828106636542281e-02
5.223698126782263390e-02
5.395007799452785496e-02
5.571935541089856336e-02
5.754665545059484827e-02
5.943388150328158398e-02
6.138299837923271579e-02
6.339603586959642600e-02
6.547509035776555297e-02
6.762232699814749171e-02
6.983998122338005987e-02
7.213036308212283920e-02
7.449585687917434362e-02
7.693892667762224080e-02
7.946211584980190923e-02
8.206805223939121763e-02
8.475944963932692533e-02
8.753911037394648820e-02
9.040992921953262818e-02
9.337489566643476790e-02
9.643709703156415347e-02
9.959972243417948568e-02
1.028660648563233804e-01
1.062395260847035783e-01
1.097236187411711056e-01
1.133219709541758852e-01
1.170383298833650859e-01
1.208765653715232202e-01
1.248406744819135494e-01
1.289347851514752175e-01
1.331631607547509588e-01
1.375302045361502523e-01
1.420404636950538813e-01
1.466986351303848357e-01
1.515095695800167952e-01
1.564782769249624395e-01
1.616099309045509747e-01
1.669098757616170325e-01
1.723836300543920563e-01
1.780368939098037340e-01
1.838755544615236770e-01
1.899056914782777938e-01
1.961335844507232085e-01
2.025657186340252547e-01
2.092087917967916932e-01
2.160697219605146602e-01
2.231556533453963875e-01
2.304739648174339017e-01
2.380322770736719440e-01
2.458384608292363271e-01
2.539006450237211721e-01
2.622272247791665456e-01
2.708268709016536935e-01
2.797085384133113362e-01
2.888814761287412658e-01
2.983552360414155613e-01
3.081396830181639124e-01
3.182450063389785089e-01
3.286817285453279558e-01
3.394607179118798723e-01
3.505931987640799607e-01
3.620907631684657790e-01
3.739653842643789750e-01
3.862294272319409805e-01
3.988956626681523510e-01
4.119772803992471366e-01
4.254879022126138999e-01
4.394415970502837943e-01
4.538528951614096418e-01
4.687368032392004724e-01
4.841088198022649447e-01
4.999849523427712383e-01
5.163817327414541580e-01
5.333162347467969022e-01
5.508060927536789775e-01
5.688695189270670527e-01
5.875253229210287698e-01
6.067929309653676828e-01
6.266924066103293223e-01
6.472444711175138199e-01
6.684705252952208854e-01
6.903926722955524564e-01
7.130337388736905924e-01
7.364173016794282045e-01
7.605677095518372788e-01
7.855101101396086971e-01
8.112704758383195713e-01
8.378756308466797087e-01
8.653532786028217405e-01
8.937320308850021933e-01
9.230414386249937708e-01
9.533120206717228262e-01
9.845752975877829494e-01
1.016863822721616240e+00
1.050211217620105941e+00
1.084652206038249522e+00
1.120222650359260275e+00
1.156959588688944551e+00
1.194901274439316152e+00
1.234087214658767362e+00
1.274558211927448337e+00
1.316356407365306014e+00
1.359525323749131154e+00
1.404109910097813829e+00
1.450156590993146866e+00
1.497713311652382862e+00
1.546829590632563756e+00
1.597556569380320424e+00
1.649947067253253241e+00
1.704055634758404159e+00
1.759938611117954910e+00
1.817654183184866268e+00
1.877262446030590670e+00
1.938825464524638775e+00
2.002407339210334314e+00
2.068074271793166830e+00
2.135894635339226966e+00
2.205939044452234210e+00
2.278280428792121448e+00
2.352994109801933131e+00
2.430157878557212658e+00
2.509852076320194136e+00
2.592159678407615964e+00
2.677166381840070830e+00
2.764960691775173007e+00
2.855634016494385197e+00
2.949280760631860954e+00
3.045998424171058261e+00
3.145887704022492848e+00
3.249052597661797659e+00
3.355600513137400931e+00
3.465642379631540759e+00
3.579292762838156339e+00
3.696669984569730616e+00
3.817896246192225895e+00
3.943097754560636936e+00
4.072404854723048473e+00
4.205952164546943983e+00
4.343878715174836813e+00
4.486328095221347567e+00
4.633448601118282717e+00
4.785393389733304303e+00
4.942320639850183106e+00
5.104393714254704228e+00
5.271781331881560284e+00
5.444657741557929143e+00
5.623202904091767707e+00
5.807602679273073498e+00
5.998049019044878527e+00
6.194740167148179211e+00
6.397880865385347171e+00
6.607682565949366094e+00
6.824363652190722718e+00
7.048149664524820501e+00
7.279273535754013480e+00
7.517975833139756148e+00
7.764505007687207083e+00
8.019117653140435564e+00
8.282078772243394837e+00
8.553662053141126265e+00
8.834150151454887023e+00
9.123834986660439128e+00
9.423018043844662017e+00
9.732010686841219282e+00
1.005113448280556376e+01
1.038072153505180140e+01
1.072111482911688540e+01
1.107266858724397984e+01
1.143574863854986212e+01
1.181073279721189095e+01
1.219801125474264936e+01
1.259798698655553828e+01
1.301107616899850505e+01
1.343770861120922255e+01
1.387832820191617778e+01
1.433339337091654819e+01
1.480337756246261804e+01
1.528876972752664010e+01
1.579007483299468184e+01
1.630781438196452982e+01
1.684252695746433659e+01
1.739476877952833433e+01
1.796511428227508134e+01
1.855415670971392927e+01
1.916250873046162084e+01
1.979080307317040521e+01
2.043969318125276757e+01
2.110985389081706742e+01
2.180198212889062503e+01
2.251679763719111094e+01
2.325504371483715360e+01
2.401748798932363016e+01
2.480492321356794250e+01
2.561816808009150748e+01
2.645806807493146806e+01
2.732549635026882129e+01
2.822135462429177366e+01
2.914657411806133425e+01
3.010211651746005401e+01
3.108897496427575291e+01
3.210817508829569533e+01
3.316077606089977792e+01
3.424787169310402390e+01
3.537059156242214186e+01
3.653010218296136458e+01
3.772760820507391344e+01
3.896435366095506936e+01
4.024162324852881056e+01
4.156074365325111586e+01
4.292308491782154078e+01
4.433006185350116368e+01
4.578313550117599817e+01
4.728381462885968034e+01
4.883365729236247432e+01
5.043427243285779582e+01
5.208732153819327237e+01
5.379452034283328743e+01
5.555764060390463044e+01
5.737851190739780805e+01
5.925902356196731091e+01
6.120112652460122860e+01
6.320683541383806414e+01
6.527823057084323466e+01
6.741746019228469322e+01
6.962674253225065968e+01
7.190836818036640921e+01
7.426470239093890768e+01
7.669818752086678160e+01
7.921134551715942962e+01
8.180678049461387502e+01
8.448718140004051236e+01
8.725532475569097812e+01
9.011407748312501553e+01
9.306639984297947876e+01
9.611534843646384729e+01
9.926407932407259693e+01
1.025158512330061740e+02
1.058740288731949164e+02
1.093420863572162460e+02
1.129236107222624668e+02
1.166223055711686101e+02
1.204419948231077484e+02
1.243866266011323489e+02
1.284602771956252809e+02
1.326671552259958275e+02
1.370116058517201907e+02
1.414981151915417570e+02
1.461313148140613976e+02
1.509159864320748454e+02
1.558570666951228247e+02
1.609596521529939821e+02
1.662290043719736161e+02
1.716705552275769548e+02
1.772899123253333755e+02
1.830928646121279826e+02
1.890853881788208639e+02
1.952736522068108798e+02
2.016640251301143962e+02
2.082630809707573576e+02
2.150776058681106804e+02
2.221146048245635995e+02
2.293813086525503309e+02
2.368851811102153420e+02
2.446339263181041588e+02
2.526354963249664820e+02
2.608980989636828554e+02
2.694302059049841205e+02
2.782405610041654995e+02
2.873381888567212172e+02
2.967324036282729480e+02
3.064328181453676621e+02
3.164493532829084756e+02
3.267922476101831535e+02
3.374720673323890878e+02
3.484997165098700407e+02
3.598864476428383909e+02
3.716438724758044714e+02
3.837839732381764293e+02
3.963191140722834689e+02
4.092620529452216260e+02
4.226259538211967879e+02
4.364243991999899777e+02
4.506714030421620123e+02
4.653814240141015830e+02
4.805693792625875744e+02
4.962506583656519297e+02
5.124411378730617344e+02
5.291571961369598966e+02
5.464157286493016272e+02
5.642341637941877934e+02
5.826304789470680134e+02
6.016232171974741050e+02
6.212315043703808897e+02
6.414750666346011485e+02
6.623742485239687312e+02
6.839500315189300181e+02
7.062240530273851391e+02
7.292186260439153784e+02
7.529567591120763836e+02
7.774621771022812027e+02
8.027593422259895988e+02
8.288734758504482443e+02
8.558305808284446812e+02
8.836574642771581694e+02
9.123817610995620271e+02
9.420319579645220074e+02
9.726374181521750870e+02
1.004228406550308705e+03
1.036836115880809302e+03
1.070492693017396505e+03
1.105231266176113877e+03
1.141085972969851809e+03
1.178091988627794535e+03
1.216285555359456566e+03
1.255704012188769639e+03
1.296385825309324446e+03
1.338370619538666688e+03
1.381699210099895708e+03
1.426413635218706986e+03
1.472557189567198293e+03
1.520174458133451026e+03
1.569311351060950301e+03
1.620015139034679805e+03
1.672334489492679268e+03
1.726319503598842630e+03
1.782021753648566801e+03
1.839494321382518365e+03
1.898791837295739469e+03
1.959970519996492840e+03
2.023088216806521132e+03
2.088204444902334217e+03
2.155380433067053673e+03
2.224679164205874713e+03
2.296165418358800252e+03
2.369905816733212760e+03
2.445968866015567528e+03
2.524425003385157197e+03
2.605346642274395890e+03
2.688808218667469191e+03
2.774886237648231599e+03
2.863659321277333675e+03
2.955208256049721513e+03
3.049616041335307273e+03
3.146967938361413417e+03
3.247351519690991609e+03
3.350856718170014574e+03
3.457575877973088154e+03
3.567603804022478471e+03
3.681037813352209014e+03
3.797977785765268891e+03
3.918526214845086997e+03
4.042788259199936874e+03
4.170871794177463926e+03
4.302887462989628148e+03
4.438948728187714551e+03
4.579171923192739996e+03
4.723676303380358149e+03
4.872584097578533147e+03
5.026020558386710945e+03
5.184114013369074200e+03
5.346995914929934770e+03
5.514800890198467641e+03
5.687666790897268584e+03
5.865734741108366507e+03
6.049149186811184336e+03
6.238057941999535615e+03
6.432612236589010536e+03
6.632966761261214742e+03
6.839279713571658249e+03
7.051712840713084006e+03
7.270431483505878532e+03
7.495604617950382817e+03
7.727404894816687374e+03
7.966008680761264259e+03
8.211596094875007111e+03
8.464351045429863007e+03
8.724461265659003402e+03
8.992118346561550425e+03
9.267517769281565052e+03
9.550858934671661700e+03
9.842345192073302314e+03
1.014218386637482217e+04
1.045058628198060069e+04
1.076776778620933146e+04
1.109394776999852729e+04
1.142934968680637030e+04
1.177420106937520541e+04
1.212873354451628256e+04
1.249318284631113238e+04
1.286778882510856056e+04
1.325279545785199844e+04
1.364845085230853874e+04
1.405500725197994871e+04
1.447272103847279504e+04
1.490185272919246199e+04
1.534266697721454693e+04
1.579543256328615280e+04
1.626042239289472855e+04
1.673791348226664923e+04
1.722818695247780124e+04
1.773152801137943970e+04
1.824822594131537699e+04
1.877857408018786009e+04
1.932286980364091141e+04
1.988141450196728329e+04
2.045451355948400669e+04
2.104247632823245294e+04
2.164561610078858939e+04
2.226425008544833327e+04
2.289869937376990129e+04
2.354928891091805781e+04
2.421634746331061615e+04
2.490020758401533021e+04
2.560120558161910230e+04
2.631968147852494803e+04
2.705597898040920336e+04
2.781044543566590437e+04
2.858343179472954944e+04
2.937529257711421451e+04
3.018638582734239390e+04
3.101707307414933166e+04
3.186771929582283701e+04
3.273869287155901839e+04
3.363036554888210958e+04
3.454311239517802460e+04
3.547731176211142883e+04
3.643334524291101116e+04
3.741159763304913213e+04
3.841245688705736393e+04
3.943631408155356621e+04
4.048356337311000971e+04
4.155460196171734424e+04
4.264983005143322953e+04
4.376965081014177122e+04
4.491447033786614338e+04
4.608469762296210683e+04
4.728074451160770695e+04
4.850302567101285240e+04
4.975195855511940317e+04
5.102796337007660622e+04
5.233146304729347321e+04
5.366288319958029751e+04
5.502265210699784802e+04
5.641120066811212746e+04
5.782896239065263944e+04
5.927637334346882562e+04
6.075387214269206743e+04
6.226189992062729289e+04
6.380090029971896729e+04
6.537131936350338947e+04
6.697360563937596453e+04
6.860821006525310804e+04
7.027558597518460010e+04
7.197618906966521172e+04
7.371047739404518506e+04
7.547891131824725016e+04
7.728195351208727516e+04
7.912006892145119491e+04
8.099372475549708179e+04
8.290339045308178174e+04
8.484953766550516593e+04
8.683264024073480687e+04
8.885317418535695469e+04
9.091161766123537382e+04
9.300845094426526339e+04
9.514415641173734912e+04
9.731921851768773922e+04
9.953412375974986935e+04
1.017893606612932490e+05
1.040854197400667617e+05
1.064227934745414386e+05
1.088019762955541519e+05
1.112234645259232057e+05
1.136877563725767977e+05
1.161953518781691528e+05
1.187467528983580705e+05
1.213424630545624532e+05
1.239829876975756342e+05
1.266688338748683891e+05
1.294005102741742012e+05
1.321785271911228192e+05
1.350033964777798392e+05
1.378756314928097709e+05
1.407957470568474382e+05
1.437642593832150160e+05
1.467816860407778877e+05
1.498485458813676669e+05
1.529653589794443687e+05
1.561326465855769638e+05
1.593509310251254938e+05
1.626207356652938179e+05
1.659425848151897953e+05
1.693170036622663029e+05
1.727445181973195868e+05
1.762256551154247718e+05
1.797609417581719463e+05
1.833509059974003758e+05
1.869960761639689154e+05
1.906969809384150431e+05
1.944541492730223981e+05
1.982681102709268162e+05
2.021393930969796493e+05
2.060685268620318093e+05
2.100560405188474979e+05
2.141024627382677863e+05
2.182083218150281755e+05
2.223741455179848999e+05
2.266004609962010873e+05
2.308877946414371254e+05
2.352366719414977706e+05
2.396476173855438246e+05
2.441211543096581008e+05
2.486578047401745571e+05
2.532580892991455039e+05
2.579225270167024573e+05
2.626516352231643395e+05
2.674459293752080412e+05
2.723059228976137238e+05
2.772321270791222923e+05
2.822250508615477593e+05
2.872852007018484874e+05
2.924130804370338446e+05
2.976091910815863521e+05
3.028740306969181402e+05
3.082080942091144389e+05
3.136118732459067833e+05
3.190858559651711839e+05
3.246305268848776468e+05
3.302463667349005118e+05
3.359338522364025703e+05
3.416934559813998640e+05
3.475256462060043123e+05
3.534308866492016241e+05
3.594096363884236198e+05
3.654623495941652800e+05
3.715894754471072811e+05
3.777914578810898238e+05
3.840687354383427883e+05
3.904217410956992535e+05
3.968509020563642262e+05
4.033566396300822962e+05
4.099393689524196088e+05
4.165994989349770476e+05
4.233374319795388728e+05
4.301535638517314801e+05
4.370482835077927448e+05
4.440219728772121016e+05
4.510750067367217853e+05
4.582077525187595747e+05
4.654205701284654788e+05
4.727138117728197831e+05
4.800878217982494971e+05
4.875429365582545870e+05
4.950794841356663965e+05
5.026977843243822572e+05
5.103981483615568141e+05
5.181808787772803335e+05
5.260462693075246643e+05
5.339946046357150190e+05
5.420261603310331702e+05
5.501412026298253331e+05
5.583399882969838800e+05
5.666227645362393232e+05
5.749897687727946322e+05
5.834412285599655006e+05
5.919773613987505669e+05
6.005983746342208469e+05
6.093044653509563068e+05
6.180958201647480018e+05
6.269726151418230729e+05
6.359350157171228202e+05
6.449831765036478173e+05
6.541172412023020443e+05
6.633373425017287955e+05
6.726436019559380366e+05
6.820361299116488080e+05
6.915150253209127113e+05
7.010803757707688492e+05
7.107322572424486279e+05
7.204707341770569328e+05
7.302958592325885547e+05
7.402076732955224579e+05
7.502062054178785766e+05
7.602914726462087128e+05
7.704634800418114755e+05
7.807222205152233364e+05
7.910676748814062448e+05
8.014998116866966011e+05
8.120185871795715066e+05
8.226239453020109795e+05
8.333158175701543223e+05
8.440941230426348047e+05
8.549587682974161580e+05
8.659096473217087332e+05
8.769466415746618295e+05
8.880696198219410144e+05
8.992784381899117725e+05
9.105729400537841721e+05
9.219529560881359503e+05
9.334183041169248754e+05
9.449687892298479564e+05
9.566042036120443372e+05
9.683243265564130852e+05
9.801289244494626764e+05
9.920177507622870617e+05
1.003990545916322502e+06
1.016047037387504010e+06
1.028186939588051173e+06
1.040409953810515464e+06
1.052715768282682868e+06
1.065104058062548283e+06
1.077574484958116198e+06
1.090126697645876324e+06
1.102760331419874448e+06
1.115475008290651953e+06
1.128270336890131468e+06
1.141145912371152313e+06
1.154101316399380099e+06
1.167136117082491750e+06
1.180249868878899841e+06
1.193442112462095683e+06
1.206712374757969053e+06
1.220060168790567201e+06
1.233484993528764229e+06
1.246986333898154087e+06
1.260563660478190053e+06
1.274216429627379403e+06
1.287944083083792822e+06
1.301746048033743165e+06
1.315621736774463439e+06
1.329570546689716633e+06
1.343591860012875171e+06
1.357685043555182405e+06
1.371849448621575022e+06
1.386084410703391302e+06
1.400389249320516828e+06
1.414763267659479519e+06
1.429205752365457593e+06
1.443715973228546558e+06
1.458293182947562309e+06
1.472936616711380193e+06
1.487645491963607259e+06
1.502419007883263752e+06
1.517256345116341952e+06
1.532156665385172702e+06
1.547119110945750494e+06
1.562142804334158311e+06
1.577226847578266868e+06
1.592370321975831408e+06
1.607572287486391841e+06
1.622831782097948715e+06
1.638147821251096902e+06
1.653519397289956221e+06
1.668945478791190078e+06
1.684425009895585245e+06
1.699956909417055314e+06
1.715540070346080000e+06
1.731173358989747474e+06
1.746855613903864753e+06
1.762585645428373711e+06
1.778362234423681861e+06
1.794184131470461842e+06
1.810050055934349773e+06
1.825958694655573927e+06
1.841908701244457625e+06
1.857898694567779545e+06
1.873927257758302381e+06
1.889992936767614679e+06
1.906094239301752765e+06
1.922229633202071534e+06
1.938397545160389738e+06
1.954596359101890121e+06
1.970824414563731290e+06
1.987080005180990789e+06
2.003361376941293245e+06
2.019666726060503395e+06
2.035994197431026492e+06
2.052341882554072421e+06
2.068707817330332473e+06
2.085089979779035551e+06
2.101486288107062690e+06
2.117894597971565090e+06
2.134312699911371339e+06
2.150738317081921268e+06
2.167169102050758433e+06
2.183602634117209818e+06
2.200036416224349290e+06
2.216467871634205803e+06
2.232894340624250006e+06
2.249313076924136374e+06
2.265721244198792148e+06
2.282115911592523102e+06
2.298494050196028315e+06
2.314852528272974305e+06
2.331188106914378703e+06
2.347497435168768279e+06
2.363777044928271323e+06
2.380023345489234198e+06
2.396232618113359902e+06
2.412401009868871421e+06
2.428524527353922836e+06
2.444599030144130345e+06
2.460620223602419253e+06
2.476583651476269588e+06
2.492484688051495235e+06
2.508318529577367473e+06
2.524080185692830943e+06
2.539764469661863521e+06
2.555365988686088007e+06
2.570879133066046517e+06
2.586298064871989191e+06
2.601616706070025451e+06
2.616828725502103567e+06
2.631927525389814749e+06
2.646906226536488626e+06
2.661757652793785557e+06
2.676474314675162081e+06
2.691048391114760190e+06
2.705471710508538410e+06
2.719735730250074528e+06
2.733831514946773648e+06
2.747749712422527373e+06
2.761480528472706676e+06
2.775013699755701702e+06
2.788338463808991481e+06
2.801443527701930143e+06
2.814317033381282818e+06
2.826946520620008465e+06
2.839318886466178112e+06
2.851420341789155733e+06
2.863236363653173670e+06
2.874751643577651121e+06
2.885950031389104202e+06
2.896814473531118594e+06
2.907326946365457959e+06
2.917468382025334984e+06
2.927218588477679994e+06
2.936556160559617449e+06
2.945458382699964568e+06
2.953901121374256443e+06
2.961858706495702267e+06
2.969303799936252180e+06
2.976207249932809267e+06
2.982537928712815046e+06
2.988262551805201918e+06
2.993345476513816975e+06
2.997748475454354659e+06
3.001430482726935297e+06
3.004347308040380012e+06
3.006451313430252019e+06
3.007691047662072349e+06
3.008010829847057816e+06
3.007350275168099906e+06
3.005643751723410562e+06
3.002819756791066378e+06
2.998800196957808454e+06
2.993499554033659864e+06
2.986823915195973124e+06
2.978669838511209935e+06
2.968923019289682619e+06
2.957456715349086095e+06
2.944129874489394948e+06
2.928784895311087370e+06
2.911244932400831021e+06
2.891310626603385434e+06
2.868756111121632159e+06
2.843324087116705254e+06
2.814719699039354920e+06
2.782602839053879492e+06
2.746578369678526185e+06
2.706183549931021873e+06
2.660871646390636917e+06
2.609990246687444393e+06
2.552752076726593077e+06
2.488194976198325399e+06
2.415125801683127880e+06
2.332039822738445364e+06
2.237001505741900764e+06
2.127462084910392761e+06
1.999968819121537497e+06
1.849678114859258058e+06
1.669488343101440696e+06
1.448368012388250092e+06
1.167772550064993789e+06
7.927185011423998512e+05
2.436610313455527357e+05
-7.419961702093670610e+05
nan
nan
nan
nan
nan
nan
nan
nan
nan
nan
nan
nan
nan
nan
nan
nan
nan
nan
nan
nan
nan
nan
nan
nan
nan
nan
nan
nan
nan
nan
nan
nan
nan
nan
nan
nan
nan
nan
nan
nan
nan
nan
nan
nan
nan
nan
nan
nan
nan
nan
nan
nan
nan
nan
nan
nan
nan
nan
nan
nan
nan
nan
nan
nan
nan
nan
nan
nan
nan
nan
nan
nan
nan
nan
nan
nan
nan
nan
nan
nan
nan
nan
nan
nan
nan
nan
nan
nan
nan
nan
nan
nan
nan
nan
nan
nan
nan
nan
nan
