1.334381494186353498e-10
3.388644920192327652e-11
1.839359775598569941e-10
9.114287102785015455e-11
2.512112740046066234e-10
1.640201308102484615e-10
8.419664965190864222e-11
2.605038407206414287e-10
1.924786996449884176e-10
1.147810735341935456e-10
6.997136203726375270e-11
2.705846657841070004e-10
2.070164040184995242e-10
1.876501176661076634e-10
1.348274825112384042e-10
1.418065664885910513e-10
9.099765385578120115e-11
1.225923806905119875e-10
8.421330299679426108e-11
1.220490375421438034e-10
1.106901237325336062e-10
1.561271112382726851e-10
1.754345557702449256e-10
2.342881444393588314e-10
2.784064090364358709e-10
3.549365246144155428e-10
1.702793461773533422e-10
2.591669101532095998e-10
3.468700882063911392e-10
2.000370979952667239e-10
3.108278079347196579e-10
4.508773354651384097e-10
3.494415867755147646e-10
2.592599468419011699e-10
4.158231536851703704e-10
3.410300930512641366e-10
2.850593094876309109e-10
5.069920039315797738e-10
4.817928278522426419e-10
4.764404426503013200e-10
4.880487125509436635e-10
5.119624724119072918e-10
5.547222681158676496e-10
6.139797559211342969e-10
4.220048754839530743e-10
5.223033117066816459e-10
6.429232701721278864e-10
5.292866145308515451e-10
6.881211156376617485e-10
6.152174325468028714e-10
5.705782513060352302e-10
5.321159068850393328e-10
7.835101456439431920e-10
8.189755540312303117e-10
6.120868256593761933e-10
6.871556656918084279e-10
7.862015482978111010e-10
9.078231499757033740e-10
8.131888495789230956e-10
7.496683274026020695e-10
9.793152955101842342e-10
9.770424469332495141e-10
1.010900030335839902e-09
1.079703659795277216e-09
9.185685545353146829e-10
1.059304421938494141e-09
9.919518539699009858e-10
1.206538424703351078e-09
1.200439969627635872e-09
1.252474124388821257e-09
1.333234189689046893e-09
1.208260380608107369e-09
1.392709503248383231e-09
1.362793433624821852e-09
1.382709058327614329e-09
1.457466147733061638e-09
1.574654406827286242e-09
1.500656932010396966e-09
1.483551059733410522e-09
1.767748170020030734e-09
1.613218447665354955e-09
1.764615120638014982e-09
1.732896270865470196e-09
1.766967683219742171e-09
1.864653098527931518e-09
2.037705559773360431e-09
2.031023793517265034e-09
2.092271689156414053e-09
2.234953333428449572e-09
2.197399817570237090e-09
2.244723296033453789e-09
2.373870655500361051e-09
2.596950432366690151e-09
2.650383246088518797e-09
2.805270460246133127e-09
2.796720854769726172e-09
2.891665795559150713e-09
3.085740773859926301e-09
3.127952341424446601e-09
3.033594708595375518e-09
3.308629370295809987e-09
3.442588214300955257e-09
3.442474083360952270e-09
3.572061757271861716e-09
3.822236305001467633e-09
3.706383200098304173e-09
3.978516182896131762e-09
4.134784070396908348e-09
4.190718438625808839e-09
4.398324371050407289e-09
4.507326289630726931e-09
4.774064920789995484e-09
4.706138811583227330e-09
5.056600693293879175e-09
5.088481413551311429e-09
5.297262628059980116e-09
5.441807892673973163e-09
5.530298884951010349e-09
5.820014469769953941e-09
6.071497970421151385e-09
6.278755514839255559e-09
6.453387379319137398e-09
6.611531987791071034e-09
6.753649860765643686e-09
7.133664325051919321e-09
7.266537370893518929e-09
7.660868827208659786e-09
7.820338375819825119e-09
8.003432360167797007e-09
8.223396185024972810e-09
8.485293355561887580e-09
8.805942418333744660e-09
9.187972159417722101e-09
9.390735743021560730e-09
9.679744781840929856e-09
1.006613303645536167e-08
1.030812168767695388e-08
1.067209898030103914e-08
1.116495784499756736e-08
1.155041861926479687e-08
1.183959130490882978e-08
1.230101575894724012e-08
1.269598070840839065e-08
1.303810237255474804e-08
1.359289369634962273e-08
1.387345327171050920e-08
1.439779650698301466e-08
1.493140388724721211e-08
1.523888193001799606e-08
1.584088393354519843e-08
1.625537481931241671e-08
1.699949380765110051e-08
1.758900824458540444e-08
1.804783033566408837e-08
1.864340259346475985e-08
1.915016478083130593e-08
1.983433061549893637e-08
2.047459601129838385e-08
2.109051821293995227e-08
2.195546255079412459e-08
2.259530894831845750e-08
2.328457092855065856e-08
2.404946929478609021e-08
2.491889427056980126e-08
2.566808808794654770e-08
2.657936092214896879e-08
2.742791015221160581e-08
2.825002119724564240e-08
2.932312191571059314e-08
3.018147508104077053e-08
3.110921185625713135e-08
3.214177810984943274e-08
3.331517904062130962e-08
3.441699989611219955e-08
3.548399771816997133e-08
3.681048064021046163e-08
3.793160916200211484e-08
3.914455268373390898e-08
4.049188070888340650e-08
4.176926557154183732e-08
4.302138841937118355e-08
4.455107101996925089e-08
4.590486143077637827e-08
4.763630952433539050e-08
4.904545099190256514e-08
5.069121429253127465e-08
5.238006024153702586e-08
5.416946197625498169e-08
5.586891566176103852e-08
5.754255288696056893e-08
5.950667841199756141e-08
6.157681735704374394e-08
6.357060315565460898e-08
6.556124680089365267e-08
6.787339171587872694e-08
7.007935956339040606e-08
7.225929623333851917e-08
7.474747233688644941e-08
7.712309513998807207e-08
7.972568438832449189e-08
8.214323853784585693e-08
8.496949487009126529e-08
8.779923197303931062e-08
9.047896528800344882e-08
9.361388049481308488e-08
9.655482708204857549e-08
9.991593424157532349e-08
1.030540964046067228e-07
1.063375168167443331e-07
1.098847453144789901e-07
1.135706382247021729e-07
1.172714440937272141e-07
1.211189903593811548e-07
1.249996248220382559e-07
1.293040229751435883e-07
1.334262921485051980e-07
1.377665698207122359e-07
1.422284744222232069e-07
1.469753015523230906e-07
1.519206190161897860e-07
1.567324596929459289e-07
1.618390503703508561e-07
1.671715225815187400e-07
1.726692259527694380e-07
1.782743533884027580e-07
1.841876165643622682e-07
1.903665005963050400e-07
1.965238227620543234e-07
2.028785630069487434e-07
2.096638108783898584e-07
2.166102196086375946e-07
2.237129333049436480e-07
2.309713091473612533e-07
2.383954650422707864e-07
2.462559701121436967e-07
2.543254835318695646e-07
2.626403118381622271e-07
2.712492359986486433e-07
2.802030378358943975e-07
2.895683971223956522e-07
2.989181237965900175e-07
3.088397145746346949e-07
3.189284045701921318e-07
3.292931228697167032e-07
3.400542607252208999e-07
3.513451223925079405e-07
3.628051609221600812e-07
3.745962064630470588e-07
3.868872280550359611e-07
3.996141258605254915e-07
4.127254312716896956e-07
4.264340677444133409e-07
4.402159163041937403e-07
4.548217297497201022e-07
4.697560048820497152e-07
4.850488958019253003e-07
5.009951727049942131e-07
5.174077914533616857e-07
5.343661249886902693e-07
5.519724717022920124e-07
5.700934691573565686e-07
5.886205739613209323e-07
6.079663116799977548e-07
6.280624948396853282e-07
6.486124943045890543e-07
6.698468700714234138e-07
6.917659303387293883e-07
7.143968631329063985e-07
7.377924735440741057e-07
7.620325179931125405e-07
7.872214291553441218e-07
8.129916592727693968e-07
8.395052311746243022e-07
8.672099399416825114e-07
8.955741207354257501e-07
9.248557957741687156e-07
9.553459218632928184e-07
9.866107255472659237e-07
1.019013364100481074e-06
1.052444683272781945e-06
1.086837354024609583e-06
1.122411457388472174e-06
1.159179237633573252e-06
1.197442687367003614e-06
1.236541729642012228e-06
1.277118680765421978e-06
1.319106694793184663e-06
1.362235304558965737e-06
1.407037460386612707e-06
1.453089570430562490e-06
1.500774395380537247e-06
1.550027906254249212e-06
1.600838154477583123e-06
1.653255546128787560e-06
1.707636614153182741e-06
1.763393544927837781e-06
1.821262467616413345e-06
1.881034516967438813e-06
1.942824437571285901e-06
2.006561918697645252e-06
2.072250306513617475e-06
2.140215858172078548e-06
2.210362971848510681e-06
2.282923019589840237e-06
2.357708826112160645e-06
2.435119346295051083e-06
2.514885990238120074e-06
2.597335015097799865e-06
2.682632184416426612e-06
2.770540134237429359e-06
2.861420351324782143e-06
2.955232498478966674e-06
3.052299445708712447e-06
3.152294293456539563e-06
3.255758746645906121e-06
3.362598548439556341e-06
3.472837963744488793e-06
3.586626252961956299e-06
3.704241128467878710e-06
3.825843346477771660e-06
3.951226140711357670e-06
4.080827405810566648e-06
4.214729098647110255e-06
4.352912425105098089e-06
4.495515821466950727e-06
4.643087867476290642e-06
4.795340349091337468e-06
4.952406997335735994e-06
5.114849359519876360e-06
5.282663237513202644e-06
5.456028376203277278e-06
5.634818175291718358e-06
5.819612220635480549e-06
6.010445377950678277e-06
6.207565238546501398e-06
6.411193529584126892e-06
6.621527446657510040e-06
6.838500483094650845e-06
7.062793292571190077e-06
7.294588327694069927e-06
7.533822362557945040e-06
7.780702408299178122e-06
8.035972010185297475e-06
8.299398179477721462e-06
8.571553311018486449e-06
8.852811795738686296e-06
9.143110290393183825e-06
9.442968887773487145e-06
9.752738375275588734e-06
1.007236787884275295e-05
1.040267086066708854e-05
1.074382434579897914e-05
1.109639620631755453e-05
1.146009000369101882e-05
1.183602854735127066e-05
1.222424849083395828e-05
1.262497608409151630e-05
1.303913930555894008e-05
1.346662491377011050e-05
1.390830832313929045e-05
1.436455402632700423e-05
1.483548825922294369e-05
1.532202248772599951e-05
1.582461116172015610e-05
1.634352002240795339e-05
1.687960051231697866e-05
1.743305505785547525e-05
1.800470974456162726e-05
1.859528082581875632e-05
1.920514636208325019e-05
1.983487000685705363e-05
2.048547537995813015e-05
2.115721102424000067e-05
2.185108458227493850e-05
2.256763021716407829e-05
2.330768797276568945e-05
2.407217992187584563e-05
2.486163243097671308e-05
2.567696084853375298e-05
2.651899858936616766e-05
2.738851718314857104e-05
2.828677464417039326e-05
2.921452966027856288e-05
3.017258441430515904e-05
3.116206895910322952e-05
3.218397212006909435e-05
3.323943063736113656e-05
3.432951823920085726e-05
3.545527913367412009e-05
3.661802613285014351e-05
3.781887246297232688e-05
3.905928667571146256e-05
4.034011895225184699e-05
4.166317101805568481e-05
4.302946894070388591e-05
4.444057949387319719e-05
4.589790085417345511e-05
4.740322088281814631e-05
4.895776325558756994e-05
5.056324927459390355e-05
5.222145368292213598e-05
5.393426440426556736e-05
5.570298571113251881e-05
5.752966581866567498e-05
5.941640027053571906e-05
6.136490199986756951e-05
6.337732492318968579e-05
6.545583111585903929e-05
6.760241582790934493e-05
6.981948459659363714e-05
7.210918310082024211e-05
7.447397743967585910e-05
7.691623833213357656e-05
7.943857952511221884e-05
8.204370027119758317e-05
8.473446999566295874e-05
8.751328051585507896e-05
9.038314313555706882e-05
9.334729466906939053e-05
9.640854865963812402e-05
9.957040635979970194e-05
1.028356651253559562e-04
1.062080439492680498e-04
1.096912975894523521e-04
1.132885896238913683e-04
1.170038727652678300e-04
1.208407728424422932e-04
1.248037252741696784e-04
1.288966120504357854e-04
1.331239155002454026e-04
1.374896057009704971e-04
1.419985641012087830e-04
1.466552293165314597e-04
1.514647721242221425e-04
1.564320108147119960e-04
1.615620908779964759e-04
1.668604223125139910e-04
1.723326090676979177e-04
1.779841522796238968e-04
1.838211491873855904e-04
1.898494981469234146e-04
1.960756201550920019e-04
2.025056723179340047e-04
2.091467881167177268e-04
2.160058024868301231e-04
2.230895022387352922e-04
2.304056321518519563e-04
2.379616482454688809e-04
2.457654915364563424e-04
2.538253669734752654e-04
2.621495268063890258e-04
2.707465692450380284e-04
2.796255008165530304e-04
2.887957927595166717e-04
2.982667157403989626e-04
3.080481699054039846e-04
3.181505483938446119e-04
3.285840769716621545e-04
3.393599516444185558e-04
3.504889680773285690e-04
3.619831681003500665e-04
3.738542477817424596e-04
3.861147334526727928e-04
3.987771686561254227e-04
4.118548133828183106e-04
4.253613635359535872e-04
4.393109310250216111e-04
4.537177855607737857e-04
4.685971307700458467e-04
4.839646264422451673e-04
4.998359316437374312e-04
5.162277823617279901e-04
5.331570670624834196e-04
5.506416859949981538e-04
5.686996706475143945e-04
5.873498267236593965e-04
6.066116540472634615e-04
6.265050268323944533e-04
6.470509122159608974e-04
6.682705942616299190e-04
6.901859291884092189e-04
7.128201401647978139e-04
7.361966066431555739e-04
7.603397120024435072e-04
7.852744437118044712e-04
8.110270451004381129e-04
8.376241666071680865e-04
8.650933262386900809e-04
8.934633903270279088e-04
9.227638261939443689e-04
9.530250021028888576e-04
9.842787689642773421e-04
1.016557313840620123e-03
1.049894323638521148e-03
1.084324668847844956e-03
1.119884127872125676e-03
1.156609656056133313e-03
1.194539701475173408e-03
1.233713295362948723e-03
1.274171715563566457e-03
1.315956908817356727e-03
1.359112248246067359e-03
1.403683063488693874e-03
1.449715227135074495e-03
1.497257056494939688e-03
1.546357746048473156e-03
1.597068880404863478e-03
1.649442731608666106e-03
1.703534133502789157e-03
1.759399407427010781e-03
1.817096603788726297e-03
1.876685812956184907e-03
1.938229033094565363e-03
2.001790624551869676e-03
2.067436312870271110e-03
2.135234791795701664e-03
2.205256635245780080e-03
2.277574539416684588e-03
2.352263660882255008e-03
2.429402275817955925e-03
2.509070526087497748e-03
2.591351011861177823e-03
2.676329729799464645e-03
2.764094849033486671e-03
2.854738091509398910e-03
2.948353715148284253e-03
3.045038844664559128e-03
3.144894681712156418e-03
3.248024804295235411e-03
3.354536597368119790e-03
3.464541053460929061e-03
3.578152439260897863e-03
3.695489354939624719e-03
3.816673910729624121e-03
3.941832045890174621e-03
4.071093999894664917e-03
4.204594670733367151e-03
4.342472612229615961e-03
4.484871715457592993e-03
4.631939779640802286e-03
4.783830256214805648e-03
4.940701167146950394e-03
5.102715440878763907e-03
5.270042201543385235e-03
5.442855227172091817e-03
5.621334610842093453e-03
5.805665878260871798e-03
5.996041062604390987e-03
6.192658236350889571e-03
6.395722028096258345e-03
6.605443608004987407e-03
6.822041423843046640e-03
7.045740664288369960e-03
7.276774497889488061e-03
7.515382795692257881e-03
7.761814156272671579e-03
8.016324680261461763e-03
8.279179809551366273e-03
8.550652430821493663e-03
8.831025324824390635e-03
9.120589904304057111e-03
9.419647543316240698e-03
9.728509491358948089e-03
1.004749713711117209e-02
1.037694187968694545e-02
1.071718688438859715e-02
1.106858570969016659e-02
1.143150409466872283e-02
1.180631939177996179e-02
1.219342144545552085e-02
1.259321288413892820e-02
1.300610938776010014e-02
1.343254066191438244e-02
1.387294963287742482e-02
1.432779467475007312e-02
1.479754855975701743e-02
1.528269972735684171e-02
1.578375282732585524e-02
1.630122834313707525e-02
1.683566429581512952e-02
1.738761655790499461e-02
1.795765878492689219e-02
1.854638324468574698e-02
1.915440207641543047e-02
1.978234695831627976e-02
2.043087052101697984e-02
2.110064697137896753e-02
2.179237172856477583e-02
2.250676360396391615e-02
2.324456528202951608e-02
2.400654262853356077e-02
2.479348737667626951e-02
2.560621695263001762e-02
2.644557520557447652e-02
2.731243410430185536e-02
2.820769340747448367e-02
2.913228311004330967e-02
3.008716265594751221e-02
3.107332377536111898e-02
3.209178964531371470e-02
3.314361748646357103e-02
3.422989883462269206e-02
3.535176079628958579e-02
3.651036757039733543e-02
3.770692053595881693e-02
3.894266145173386207e-02
4.021887153102520623e-02
4.153687450030040668e-02
4.289803660134042934e-02
4.430376918454340118e-02
4.575552910231895504e-02
4.725482102957875852e-02
4.880319895217145876e-02
5.040226643319623695e-02
5.205368042745436158e-02
5.375915095975342117e-02
5.552044451085445115e-02
5.733938411189735962e-02
5.921785277154191507e-02
6.115779453171887869e-02
6.316121695649992707e-02
6.523019214879850758e-02
6.736686035604526335e-02
6.957343074974983721e-02
7.185218444789576164e-02
7.420547687505539558e-02
7.663573927781501538e-02
7.914548275642339925e-02
8.173729886875040485e-02
8.441386369354791919e-02
8.717793989488988038e-02
9.003237944943101589e-02
9.298012734125232770e-02
9.602422332882790124e-02
9.916780543925485247e-02
1.024141135014675075e-01
1.057664918687369754e-01
1.092283929266632259e-01
1.128033805337608497e-01
1.164951339977869649e-01
1.203074507447110669e-01
1.242442508012283342e-01
1.283095804835686637e-01
1.325076167015895034e-01
1.368426704889008083e-01
1.413191912480110946e-01
1.459417720018275078e-01
1.507151531747417117e-01
1.556442267589892292e-01
1.607340425876360168e-01
1.659898111007403199e-01
1.714169108221660076e-01
1.770208917278816574e-01
1.828074814939513182e-01
1.887825902348104212e-01
1.949523173498171336e-01
2.013229560215326064e-01
2.079010010179685453e-01
2.146931523481809545e-01
2.217063239512449824e-01
2.289476492766966687e-01
2.364244878821571971e-01
2.441444321336144752e-01
2.521153153321545881e-01
2.603452179251396492e-01
2.688424754550856610e-01
2.776156867872740519e-01
2.866737206000591898e-01
2.960257253139277345e-01
3.056811359495681946e-01
3.156496831226334177e-01
3.259414026096331130e-01
3.365666433226361942e-01
3.475360768681036161e-01
3.588607071929648673e-01
3.705518806650757169e-01
3.826212948985833751e-01
3.950810099371393491e-01
4.079434588944265694e-01
4.212214571276065023e-01
4.349282152740662211e-01
4.490773485304747070e-01
4.636828899613615884e-01
4.787592999572075070e-01
4.943214804451191435e-01
5.103847857989748382e-01
5.269650352542589733e-01
5.440785263000385008e-01
5.617420471000765803e-01
5.799728897244018633e-01
5.987888641954195457e-01
6.182083110024673145e-01
6.382501161178584237e-01
6.589337247517114138e-01
6.802791552604640080e-01
7.023070139956579805e-01
7.250385109097533531e-01
7.484954728297209536e-01
7.727003593106160917e-01
7.976762787303607327e-01
8.234470023007065542e-01
8.500369798659482834e-01
8.774713563999103627e-01
9.057759866867662879e-01
9.349774513250439512e-01
9.651030721790977429e-01
9.961809290037578757e-01
1.028239873394749315e+00
1.061309546467215092e+00
1.095420391898453083e+00
1.130603672956234540e+00
1.166891486628735874e+00
1.204316778617387174e+00
1.242913357418797604e+00
1.282715908198228227e+00
1.323760006136234013e+00
1.366082129469112783e+00
1.409719671551970643e+00
1.454710952382938682e+00
1.501095228905207080e+00
1.548912704262618067e+00
1.598204537400396585e+00
1.649012849298039374e+00
1.701380729334301289e+00
1.755352239348981325e+00
1.810972417920617472e+00
1.868287278894346315e+00
1.927343812863339112e+00
1.988189982358685270e+00
2.050874716618417359e+00
2.115447903366417304e+00
2.181960378016524427e+00
2.250463908418567804e+00
2.321011178145649723e+00
2.393655764356220850e+00
2.468452111719599884e+00
2.545455503929304530e+00
2.624722026536810304e+00
2.706308529334423341e+00
2.790272578715678797e+00
2.876672406873605592e+00
2.965566853019990123e+00
3.057015297983996849e+00
3.151077590050946231e+00
3.247813964693010202e+00
3.347284952642247902e+00
3.449551280719111990e+00
3.554673759355072349e+00
3.662713162874677408e+00
3.773730093582167378e+00
3.887784835107827686e+00
4.004937192620212194e+00
4.125246314549330329e+00
4.248770502331468357e+00
4.375566999378388999e+00
4.505691764946864630e+00
4.639199223839599817e+00
4.776141998864159355e+00
4.916570618054713293e+00
5.060533196927433863e+00
5.208075097186980251e+00
5.359238554188924475e+00
5.514062275993953044e+00
5.672581010276982028e+00
5.834825075977006392e+00
6.000819858464248036e+00
6.170585265330030822e+00
6.344135140725581046e+00
6.521476632779095617e+00
6.702609516003620982e+00
6.887525459312630716e+00
7.076207241824808314e+00
7.268627908170978813e+00
7.464749863430218291e+00
7.664523899652931682e+00
7.867888154091248865e+00
8.074766988319508343e+00
8.285069790983465410e+00
8.498689690832208044e+00
8.715502181607691412e+00
8.935363647637535323e+00
9.158109786857014711e+00
9.383553923433680666e+00
9.611485202999194399e+00
9.841666662423737222e+00
1.007383316857896105e+01
1.030768921505048397e+01
1.054290656912577795e+01
1.077912175929093586e+01
1.101593339322028875e+01
1.125289929700451808e+01
1.148953346352263871e+01
1.172530279608243120e+01
1.195962363983868570e+01
1.219185808498018808e+01
1.242131002584854471e+01
1.264722096312831745e+01
1.286876554035676712e+01
1.308504678407023825e+01
1.329509104293747157e+01
1.349784260544169356e+01
1.369215797011410451e+01
1.387679975717694880e+01
1.405043023637590593e+01
1.421160445011490481e+01
1.435876290252181064e+01
1.449022380209662408e+01
1.460417482098691266e+01
1.469866434873681804e+01
1.477159221143529244e+01
1.482069982569959166e+01
1.484355975911777570e+01
1.483756465749168285e+01
1.479991551263406180e+01
1.472760923053460935e+01
1.461742545783186387e+01
1.446591264046630521e+01
1.426937325351460473e+01
1.402384817958963303e+01
1.372510017324976417e+01
1.336859637493829389e+01
1.294948982207497146e+01
1.246259990420628405e+01
1.190239170930389712e+01
1.126295420515013390e+01
1.053797720319887787e+01
9.720727029028116917e+00
8.804020856465287537e+00
7.780199621002963362e+00
6.641099457330859046e+00
5.378021577526157060e+00
3.981700534614504239e+00
2.442270773617591484e+00
7.492313988265290048e-01
-1.108590906277605370e+00
-3.143080934506592872e+00
-5.366876035209028117e+00
-7.793409312481620610e+00
-1.043695508346569589e+01
-1.331267662158556853e+01
-1.643667634164292579e+01
-1.982604852833281583e+01
-2.349893465951465288e+01
-2.747458153056749453e+01
-3.177340219599821225e+01
-3.641703992288077529e+01
-4.142843523328175337e+01
-4.683189617254064530e+01
-5.265317194374210885e+01
-5.891953004700694407e+01
-6.565983701357760083e+01
-7.290464292170605631e+01
-8.068626985083096770e+01
-8.903890436546758735e+01
-9.799869422893917204e+01
-1.076038494640099117e+02
-1.178947479987110256e+02
-1.289140459382936683e+02
-1.407067927509150707e+02
-1.533205515128906313e+02
-1.668055242536078708e+02
-1.812146828552751572e+02
-1.966039054571638474e+02
-2.130321186178486244e+02
-2.305614455090552042e+02
-2.492573602440080833e+02
-2.691888486248431036e+02
-2.904285754755344442e+02
-3.130530587784751901e+02
-3.371428508815924943e+02
-3.627827269986108831e+02
-3.900618810787047437e+02
-4.190741296627788302e+02
-4.499181235953462874e+02
-4.826975680036659355e+02
-5.175214508526688633e+02
-5.545042803377594964e+02
-5.937663312854203923e+02
-6.354339009844527482e+02
-6.796395748336135512e+02
-7.265225016966018075e+02
-7.762286798825542746e+02
-8.289112536558076272e+02
-8.847308206500938468e+02
-9.438557510727199542e+02
-1.006462518056258432e+03
-1.072736040670103876e+03
-1.142870039186469967e+03
-1.217067403441147007e+03
-1.295540574548829227e+03
-1.378511940568175305e+03
-1.466214246399683361e+03
-1.558891018379384832e+03
-1.656797005041467855e+03
-1.760198632286209659e+03
-1.869374476928522427e+03
-1.984615755226205692e+03
-2.106226831223514637e+03
-2.234525741541610842e+03
-2.369844740708262634e+03
-2.512530864831825511e+03
-2.662946517265953389e+03
-2.821470074128870237e+03
-2.988496512805294969e+03
-3.164438062846935736e+03
-3.349724881528596597e+03
-3.544805753039838237e+03
-3.750148814153790227e+03
-3.966242306983607705e+03
-4.193595359201714018e+03
-4.432738792840545102e+03
-4.684225964858305815e+03
-4.948633637859057671e+03
-5.226562884119613045e+03
-5.518640023859063149e+03
-5.825517599851230443e+03
-6.147875388590700823e+03
-6.486421449872931589e+03
-6.841893218781366159e+03
-7.215058638314707423e+03
-7.606717337790611055e+03
-8.017701855660823639e+03
-8.448878912764723282e+03
-8.901150735083516338e+03
-9.375456429399713670e+03
-9.872773415760553689e+03
-1.039411891433235542e+04
-1.094055149815722325e+04
-1.151317270535305397e+04
-1.211312871859837651e+04
-1.274161211756388730e+04
-1.339986369883015504e+04
-1.408917437911653724e+04
-1.481088717409435048e+04
-1.556639926398369971e+04
-1.635716414787161011e+04
-1.718469389058606248e+04
-1.805056146879684820e+04
-1.895640321937037152e+04
-1.990392139533324735e+04
-2.089488683813364696e+04
-2.193114176844862959e+04
-2.301460270547585242e+04
-2.414726351512313704e+04
-2.533119860371258619e+04
-2.656856625884973619e+04
-2.786161214291616852e+04
-2.921267295894469498e+04
-3.062418028380435135e+04
-3.209866459076119281e+04
-3.363875946294765890e+04
-3.524720602081753168e+04
-3.692685755820818304e+04
-3.868068441891534167e+04
-4.051177911085903179e+04
-4.242336169124120352e+04
-4.441878541527436028e+04
-4.650154268907268124e+04
-4.867527133161985694e+04
-5.094376116425082728e+04
-5.331096095868303382e+04
-5.578098576430900721e+04
-5.835812462356703327e+04
-6.104684873087378219e+04
-6.385182003502427688e+04
-6.677790034280237160e+04
-6.983016092639094859e+04
-7.301389271054009441e+04
-7.633461703697893245e+04
-7.979809708439624228e+04
-8.341034996298406622e+04
-8.717765956222436216e+04
-9.110659017393617250e+04
-9.520400098452546808e+04
-9.947706147101399256e+04
-1.039332677960785077e+05
-1.085804602753463405e+05
-1.134268419803568540e+05
-1.184809986013248854e+05
-1.237519196629732614e+05
-1.292490211880306015e+05
-1.349821699586336326e+05
-1.409617094865245454e+05
-1.471984878727123723e+05
-1.537038876872808614e+05
-1.604898580799176707e+05
-1.675689493126673624e+05
-1.749543499340311973e+05
-1.826599268710406614e+05
-1.907002686617860745e+05
-1.990907322161952034e+05
-2.078474933773815283e+05
-2.169876016970516066e+05
-2.265290398934081313e+05
-2.364907884045346000e+05
-2.468928956425103534e+05
-2.577565545215728343e+05
-2.691041860076292651e+05
-2.809595304143098765e+05
-2.933477473338684067e+05
