1.374514171772845071e-07
1.432314351625604029e-07
1.492988607980457636e-07
1.557078105726826609e-07
1.622815294242746035e-07
1.691212401736938135e-07
1.763526977766160315e-07
1.838766478501531678e-07
1.916230917193122710e-07
1.998019150470654526e-07
2.081491463248664044e-07
2.169365537136641144e-07
2.262162865943387966e-07
2.358237444406608761e-07
2.456280503725621250e-07
2.560430739935970552e-07
2.670144328057599335e-07
2.782762827905032790e-07
2.901112267845688687e-07
3.023397437179658919e-07
3.150807180487470607e-07
3.284999962012260658e-07
3.423098099594590427e-07
3.570319301505305409e-07
3.719795734805582258e-07
3.877838839653310502e-07
4.041256123237490922e-07
4.212512087409094381e-07
4.392205573136133602e-07
4.579034242051727380e-07
4.772465948801276840e-07
4.975133465146509990e-07
5.185419771059626650e-07
5.405013418250399980e-07
5.633905988591058830e-07
5.872917015915845819e-07
6.121257844028695911e-07
6.381585305615399691e-07
6.649962425316354769e-07
6.933525583396575247e-07
7.225346388536231165e-07
7.532211232431283285e-07
7.851934828957465368e-07
8.183566379733637892e-07
8.529855133739153816e-07
8.892359151537428777e-07
9.268942252775714101e-07
9.661393510480387019e-07
1.007042810117116201e-06
1.049578455012093049e-06
1.094129503165728363e-06
1.140490410000760499e-06
1.188880464624686406e-06
1.239192711922496232e-06
1.291762181870388814e-06
1.346362260528786403e-06
1.403476052651220890e-06
1.462788197877195852e-06
1.524964673180230905e-06
1.589386787199874800e-06
1.656686633973083370e-06
1.726990509271790984e-06
1.800183656385231158e-06
1.876421936277270834e-06
1.955894513491329176e-06
2.038582048288944483e-06
2.125027159319996271e-06
2.215086121685577167e-06
2.308949172951913096e-06
2.406652473048402895e-06
2.508601963297639785e-06
2.614816321112289629e-06
2.725720879823706550e-06
2.841142933249873860e-06
2.961591030199001937e-06
3.087012010381552336e-06
3.217823645130540520e-06
3.354174762955216565e-06
3.496217356203342481e-06
3.644127671714695990e-06
3.798636643976210532e-06
3.959537554223969506e-06
4.127220639988901718e-06
4.301949288483374085e-06
4.484385321842997904e-06
4.674355498210484104e-06
4.872397132184915240e-06
5.078775755331740255e-06
5.293773331114985531e-06
5.517963850249019523e-06
5.751754289927958711e-06
5.995411358347963814e-06
6.249356707810685509e-06
6.514200705031064664e-06
6.790028321260750548e-06
7.077702560101655796e-06
7.377642719946524540e-06
7.690129739323130212e-06
8.015850420547933672e-06
8.355448017624823685e-06
8.709317039734952134e-06
9.078163415335710202e-06
9.462808755100435184e-06
9.863745210502020751e-06
1.028144273991610644e-05
1.071692545681654469e-05
1.117107196661727677e-05
1.164418780070726239e-05
1.213758623389552641e-05
1.265164473124396484e-05
1.318765087292769552e-05
1.374611789035892839e-05
1.432837774787039217e-05
1.493541592265144640e-05
1.556821150136946177e-05
1.622757808443579504e-05
1.691502803054023685e-05
1.763160879334762731e-05
1.837851888634774048e-05
1.915696755200549953e-05
1.996854663969821413e-05
2.081434364841325453e-05
2.169607786285310114e-05
2.261522902706062835e-05
2.357317054838806749e-05
2.457157421065258698e-05
2.561255295761718264e-05
2.669756802437156968e-05
2.782833820877897440e-05
2.900727391951615734e-05
3.023613728697055578e-05
3.151673281975371266e-05
3.285185996600883235e-05
3.424349678905686992e-05
3.569402058443618139e-05
3.720617520591601468e-05
3.878228882349516561e-05
4.042502379560386087e-05
4.213761641996163049e-05
4.392238031634866245e-05
4.578298917110603755e-05
4.772248893464096502e-05
4.974409978592635151e-05
5.185126552685883711e-05
5.404772426884231457e-05
5.633708548658817862e-05
5.872367707082253073e-05
6.121114631586923151e-05
6.380409381799638209e-05
6.650695743669197057e-05
6.932416884867525120e-05
7.226082597959860383e-05
7.532188960780242790e-05
7.851238615266195326e-05
8.183839612512795031e-05
8.530503978395561390e-05
8.891851355740737961e-05
9.268512416475341428e-05
9.661135884640357444e-05
1.007039690670624363e-04
1.049698416815289618e-04
1.094163909902313861e-04
1.140514718755451448e-04
1.188825739782258201e-04
1.239185621387915855e-04
1.291679170079232820e-04
1.346395273773677787e-04
1.403427717460464688e-04
1.462878682992298977e-04
1.524847638168609827e-04
1.589440740057660351e-04
1.656770489645265586e-04
1.726950875041612782e-04
1.800105404979992010e-04
1.876358083613598800e-04
1.955842422777048187e-04
2.038693315667859858e-04
2.125052041174110016e-04
2.215071754359792665e-04
2.308903426951569267e-04
2.406710060840568425e-04
2.508658790260731943e-04
2.614926275152812700e-04
2.725694633237501466e-04
2.841158100932682771e-04
2.961510340670030477e-04
3.086960088800547999e-04
3.217725017789099351e-04
3.354028781980368588e-04
3.496106618003441626e-04
3.644204155322524979e-04
3.798572115065649668e-04
3.959482131045616369e-04
4.127205796406654818e-04
4.302037505093067615e-04
4.484270530286197385e-04
4.674227189354132617e-04
4.872227089315073483e-04
5.078617144370151581e-04
5.293747363669751987e-04
5.517990890557530675e-04
5.751735053806651633e-04
5.995379032222232811e-04
6.249342998723058642e-04
6.514066281582474131e-04
6.790002094084682379e-04
7.077626584788893798e-04
7.377434480864261592e-04
7.689944228722813031e-04
8.015689843592220705e-04
8.355232459019385849e-04
8.709158862729724296e-04
9.078077092816415079e-04
9.462624478141686826e-04
9.863457805105490042e-04
1.028127122633668835e-03
1.071678391923484288e-03
1.117074303013955742e-03
1.164393201549664440e-03
1.213716161441376860e-03
1.265128660452598990e-03
1.318718791925919996e-03
1.374579082067009126e-03
1.432805376039016001e-03
1.493498092392351153e-03
1.556761342094008758e-03
1.622704691229915957e-03
1.691441061561795283e-03
1.763088817313594953e-03
1.837771536405213412e-03
1.915617472712703283e-03
1.996760765713879657e-03
2.081341130967473418e-03
2.169504070602143973e-03
2.261401122943910817e-03
2.357190929022249214e-03
2.457037617093386396e-03
2.561113823410537515e-03
2.669598070152116778e-03
2.782677076883910156e-03
2.900545754852912415e-03
3.023406918689836194e-03
3.151471751307957127e-03
3.284960802752129490e-03
3.424103550672899596e-03
3.569139821141143181e-03
3.720318818204941102e-03
3.877900863092115236e-03
4.042157067529761512e-03
4.213370027726559032e-03
4.391834298813491154e-03
4.577856974797213374e-03
4.771757891621133431e-03
4.973871281300403478e-03
5.184544129251139437e-03
5.404139357165686428e-03
5.633034572901755854e-03
5.871623467307524567e-03
6.120316435322029069e-03
6.379541449139157147e-03
6.649744272545538189e-03
6.931389825042889516e-03
7.224962264712597032e-03
7.530966866459499684e-03
7.849929765383997782e-03
8.182399149675981601e-03
8.528947244615701223e-03
8.890169892493261436e-03
9.266688104931673081e-03
9.659149414583539928e-03
1.006822861488125380e-02
1.049462900502002964e-02
1.093908348764922704e-02
1.140235638725163592e-02
1.188524383566114812e-02
1.238857612023318289e-02
1.291321835222656624e-02
1.346007182779274981e-02
1.403007675887910609e-02
1.462421270396044130e-02
1.524350014314995901e-02
1.588900359530675058e-02
1.656183165682398664e-02
1.726314042115644279e-02
1.799413466908856077e-02
1.875606953039649083e-02
1.955025380128535412e-02
2.037805111069893732e-02
2.124088314976348146e-02
2.214023090823136891e-02
2.307763842540310958e-02
2.405471475567845865e-02
2.507313665219320156e-02
2.613465198612898235e-02
2.724108188702687589e-02
2.839432439884378295e-02
2.959635793975397278e-02
3.084924384469722031e-02
3.215513057467334762e-02
3.351625689452501083e-02
3.493495613686888740e-02
3.641365985986944748e-02
3.795490156437678758e-02
3.956132181635139966e-02
4.123567220232611519e-02
4.298081999415751669e-02
4.479975274964106274e-02
4.669558452974537782e-02
4.867155919138298203e-02
5.073105726576752905e-02
5.287760142970988203e-02
5.511486184947264610e-02
5.744666343789818497e-02
5.987699063282238970e-02
6.240999527033308514e-02
6.505000346574524306e-02
6.780152261299948746e-02
7.066924771915958359e-02
7.365807203948664117e-02
7.677309169751234119e-02
8.001961741880629642e-02
8.340318056012632764e-02
8.692954437301875226e-02
9.060471181725787693e-02
9.443493662009934397e-02
9.842673326539791434e-02
1.025868871354074924e-01
1.069224661417231548e-01
1.114408321002867963e-01
1.161496527876596102e-01
1.210569137982099031e-01
1.261709321827660102e-01
1.315003704269906981e-01
1.370542479903229249e-01
1.428419586760542870e-01
1.488732838779394663e-01
1.551584085461751028e-01
1.617079373875429105e-01
1.685329121916342154e-01
1.756448279413748148e-01
1.830556520233064810e-01
1.907778428756436440e-01
1.988243686088748685e-01
2.072087276018443613e-01
2.159449693647425561e-01
2.250477157782196647e-01
2.345321836539408789e-01
2.444142079713426674e-01
2.547102652490539909e-01
2.654374982667633276e-01
2.766137422455788308e-01
2.882575505436534846e-01
3.003882221347322079e-01
3.130258295617092679e-01
3.261912477891653062e-01
3.399061849311885708e-01
3.541932120704889830e-01
3.690757953139727210e-01
3.845783284772927302e-01
4.007261665282527696e-01
4.175456604987927145e-01
4.350641925294362333e-01
4.533102117280857768e-01
4.723132729053767243e-01
4.921040729569067240e-01
5.127144909358446467e-01
5.341776276565292081e-01
5.565278464864528152e-01
5.798008141299687557e-01
6.040335435820152199e-01
6.292644369106223934e-01
6.555333272993486560e-01
6.828815249413998645e-01
7.113518597767761742e-01
7.409887264450053523e-01
7.718381299829246700e-01
8.039477291161434280e-01
8.373668829342273412e-01
8.721466928733768720e-01
9.083400490487119061e-01
9.460016726293126732e-01
9.851881570631001450e-01
1.025958010949847621e+00
1.068371696622102407e+00
1.112491667923697358e+00
1.158382405179374297e+00
1.206110448740379537e+00
1.255744427306625388e+00
1.307355084972330550e+00
1.361015301514548526e+00
1.416800110046763095e+00
1.474786707172880851e+00
1.535054457799202687e+00
1.597684892415479396e+00
1.662761696166382031e+00
1.730370689282010543e+00
1.800599795557282556e+00
1.873539001216151467e+00
1.949280298809273448e+00
2.027917619002376881e+00
2.109546743818501380e+00
2.194265203966633937e+00
2.282172154471390435e+00
2.373368230302172144e+00
2.467955375713451804e+00
2.566036648415642052e+00
2.667715992299783512e+00
2.773097978875150194e+00
2.882287512507973215e+00
2.995389494176150524e+00
3.112508444046385492e+00
3.233748074006463469e+00
3.359210809252824781e+00
3.488997250324315402e+00
3.623205573643675237e+00
3.761930860900172480e+00
3.905264353752817552e+00
4.053292624512768505e+00
4.206096657431007024e+00
4.363750828001360382e+00
4.526321776747915138e+00
4.693867163265533549e+00
4.866434289861895301e+00
5.044058586261334298e+00
5.226761940412662177e+00
5.414550860217679507e+00
5.607414455435336009e+00
5.805322218919180877e+00
6.008221593345195011e+00
6.216035303327148931e+00
6.428658430430139958e+00
6.645955213489282087e+00
6.867755544301227921e+00
7.093851138643580079e+00
7.323991351814802542e+00
7.557878605783408865e+00
7.795163402577882650e+00
8.035438880454430333e+00
8.278234881325325034e+00
8.523011485276480670e+00
8.769151966971691081e+00
9.015955131344069784e+00
9.262626970345294808e+00
9.508271591725691252e+00
9.751881357537788730e+00
9.992326168172086298e+00
1.022834182452310792e+01
1.045851739487614118e+01
1.068128150388604247e+01
1.089488746365296912e+01
1.109739715188997344e+01
1.128666354027093988e+01
1.146031176713829502e+01
1.161571864559436840e+01
1.174999047910410255e+01
1.185993906733353320e+01
1.194205574856685814e+01
1.199248334953940187e+01
1.200698586755301100e+01
1.198091572904951185e+01
1.190917843960645151e+01
1.178619443785964904e+01
1.160585793958657774e+01
1.136149256929474305e+01
1.104580353907592816e+01
1.065082612258138539e+01
1.016787017547540728e+01
9.587460421917310072e+00
8.899272200339243710e+00
8.092062366432958953e+00
7.153595021813059951e+00
6.070561709316296017e+00
4.828495709113358458e+00
3.411680037712099267e+00
1.803048729198919675e+00
-1.591901757631884046e-02
-2.065312332024594522e+00
-4.366910253872974934e+00
-6.944311948783256305e+00
-9.823076077047137034e+00
-1.303086991992265631e+01
-1.659762883354612129e+01
-2.055572668159114258e+01
-2.494015791182158992e+01
-2.978873196193933381e+01
-3.514228073596935786e+01
-4.104487993119074929e+01
-4.754408498050839427e+01
-5.469118250082043176e+01
-6.254145808477377955e+01
-7.115448138293247382e+01
-8.059440942934286056e+01
-9.093030921827559609e+01
-1.022365005753980682e+02
-1.145929204252035731e+02
-1.280855095805798953e+02
-1.428066232692126505e+02
-1.588554666544562508e+02
-1.763385565453887125e+02
-1.953702108059535192e+02
-2.160730666988601172e+02
-2.385786298125642020e+02
-2.630278548582556368e+02
-2.895717602157496344e+02
-3.183720776447866569e+02
-3.496019390430707290e+02
-3.834466019213606955e+02
-4.201042156703625778e+02
-4.597866303737975500e+02
-5.027202504111725716e+02
-5.491469348534061510e+02
-5.993249469878290938e+02
-6.535299552268945718e+02
-7.120560880761453291e+02
-7.752170455111901219e+02
-8.433472694988405465e+02
-9.168031767959737408e+02
-9.959644566419304965e+02
-1.081235436692901430e+03
-1.173046520569259883e+03
-1.271855700430407296e+03
-1.378150148192909910e+03
-1.492447889679678838e+03
-1.615299565125053050e+03
-1.747290281208758870e+03
-1.889041558727037909e+03
-2.041213380939194622e+03
-2.204506347941028707e+03
-2.379663942161176237e+03
-2.567474911359772250e+03
-2.768775775377254831e+03
-2.984453462437393227e+03
-3.215448083074935766e+03
-3.462755848813873854e+03
-3.727432143417936913e+03
-4.010594755366168556e+03
-4.313427281066436080e+03
-4.637182707362308065e+03
-4.983187185424317249e+03
-5.352844005542379819e+03
-5.747637785242765858e+03
-6.169138883942598113e+03
-6.619008056638669586e+03
-7.099001361899629046e+03
-7.610975338418144020e+03
-8.156892469977598012e+03
-8.738826951961451414e+03
-9.358970782376509305e+03
-1.001964019644150358e+04
-1.072328246592061805e+04
-1.147248308933983753e+04
-1.226997339698978067e+04
-1.311863859627270176e+04
-1.402152629325304770e+04
-1.498185551441332063e+04
-1.600302627012063022e+04
-1.708862969156571489e+04
-1.824245878751435521e+04
-1.946851985757471630e+04
-2.077104461759347396e+04
-2.215450307940323546e+04
-2.362361725096335067e+04
-2.518337570907439294e+04
-2.683904911906752386e+04
-2.859620676289151015e+04
-3.046073417117168356e+04
-3.243885192817732604e+04
-3.453713575497445709e+04
-3.676253797726071934e+04
-3.912241047767613054e+04
-4.162452927900264331e+04
-4.427712087446654914e+04
-4.708889047583182401e+04
-5.006905233666534332e+04
-5.322736234605863865e+04
-5.657415308431423909e+04
-6.012037159148151113e+04
-6.387762008388560207e+04
-6.785819992007885594e+04
-7.207515910751798947e+04
-7.654234374408068834e+04
-8.127445374821900623e+04
-8.628710335454925371e+04
-9.159688685747812269e+04
-9.722145018175693986e+04
-1.031795688961476553e+05
-1.094912334187479864e+05
-1.161777422023696854e+05
-1.232618038500092807e+05
-1.307676492120623734e+05
-1.387211546642526519e+05
-1.471499779811403714e+05
-1.560837083542700566e+05
-1.655540324279792549e+05
-1.755949184306419629e+05
-1.862428208931321860e+05
-1.975369087580725900e+05
-2.095193202569837740e+05
-2.222354484034302295e+05
-2.357342616568242956e+05
-2.500686652077478066e+05
-2.652959091968782595e+05
-2.814780514567909413e+05
-2.986824838511160924e+05
-3.169825330461549456e+05
-3.364581487719201832e+05
-3.571966954938721028e+05
-3.792938667362477863e+05
-4.028547457872422528e+05
-4.279950419079721323e+05
-4.548425384201677516e+05
-4.835387977511328063e+05
-5.142411806542021222e+05
-5.471252518801707774e+05
-5.823876650743400678e+05
-6.202496465216355864e+05
-6.609612341589205898e+05
-7.048064778359849006e+05
-7.521098759884098545e+05
-8.032444203385876026e+05
-8.586417579694429878e+05
-9.188051793187038274e+05
-9.843264342878566822e+05
-1.055907820724907098e+06
-1.134391670063194353e+06
-1.220800428451548330e+06
-1.316392277081066975e+06
-1.422740162053862354e+06
-1.541847202666222584e+06
-1.676320717290161178e+06
-1.829644841783221811e+06
-2.006627767193580279e+06
-2.214178531747671776e+06
-2.462757717053472530e+06
-2.769358788770222105e+06
-3.164506935516834725e+06
-3.712340169740976300e+06
-4.592547454680955969e+06
-7.003816109746897593e+06
nan
nan
nan
nan
nan
nan
nan
nan
nan
nan
nan
nan
nan
nan
nan
nan
nan
nan
nan
nan
nan
nan
nan
nan
nan
nan
nan
nan
nan
nan
nan
nan
nan
nan
nan
nan
nan
nan
nan
nan
nan
nan
nan
nan
nan
nan
nan
nan
nan
nan
nan
nan
nan
nan
nan
nan
nan
nan
nan
nan
nan
nan
nan
nan
nan
nan
nan
nan
nan
nan
nan
nan
nan
nan
nan
nan
nan
nan
nan
nan
nan
nan
nan
nan
nan
nan
nan
nan
nan
nan
nan
nan
nan
nan
nan
nan
nan
nan
nan
nan
nan
nan
nan
nan
nan
nan
nan
nan
nan
nan
nan
nan
nan
nan
nan
nan
nan
nan
nan
nan
nan
nan
nan
nan
nan
nan
nan
nan
nan
nan
nan
nan
nan
nan
nan
nan
nan
nan
nan
nan
nan
nan
nan
nan
nan
nan
nan
nan
nan
nan
nan
nan
nan
nan
nan
nan
nan
nan
nan
nan
nan
nan
nan
nan
nan
nan
nan
nan
nan
nan
nan
nan
nan
nan
nan
nan
nan
nan
nan
nan
nan
nan
nan
nan
nan
nan
nan
nan
nan
nan
nan
nan
nan
nan
nan
nan
nan
nan
nan
nan
nan
nan
nan
nan
nan
nan
nan
nan
nan
nan
nan
nan
nan
nan
nan
nan
nan
nan
nan
nan
nan
nan
nan
nan
nan
nan
nan
nan
nan
nan
nan
nan
nan
nan
nan
nan
nan
nan
nan
nan
nan
nan
nan
nan
nan
nan
nan
nan
nan
nan
nan
nan
nan
nan
nan
nan
nan
nan
nan
nan
nan
nan
nan
nan
nan
nan
nan
nan
nan
nan
nan
nan
nan
nan
nan
nan
nan
nan
nan
nan
nan
nan
nan
nan
nan
nan
nan
nan
nan
nan
nan
nan
nan
nan
nan
nan
nan
nan
nan
nan
nan
nan
nan
nan
nan
nan
nan
nan
nan
nan
nan
nan
nan
nan
nan
nan
nan
nan
nan
nan
nan
nan
nan
nan
nan
nan
nan
nan
nan
nan
nan
nan
nan
nan
nan
nan
nan
nan
nan
nan
nan
nan
nan
nan
nan
nan
nan
nan
nan
nan
nan
nan
nan
nan
nan
nan
nan
nan
nan
nan
nan
