9.999999999999999752e-20
1.042360673976403274e-19
1.086515774652541803e-19
1.132541315152817215e-19
1.180516528568812936e-19
1.230524004359271606e-19
1.282649830528051818e-19
1.336983741824939761e-19
1.393619274224137862e-19
1.452653925946778330e-19
1.514189325304352083e-19
1.578331405652119738e-19
1.645190587753667612e-19
1.714881969870548086e-19
1.787525525904246308e-19
1.863246311931574925e-19
1.942174681489012443e-19
2.024446509976793410e-19
2.110203428568587855e-19
2.199593068030070317e-19
2.292769312865648585e-19
2.389892566231052717e-19
2.491130026067796399e-19
2.596655972934883116e-19
2.706652070033257754e-19
2.821307675939493964e-19
2.940820170587042661e-19
3.065395295056511367e-19
3.195247505759200441e-19
3.330600343624581608e-19
3.471686818926559721e-19
3.618749812411284155e-19
3.772042493417009182e-19
3.931828755705786410e-19
4.098383671757286817e-19
4.271993966306811863e-19
4.452958509942623308e-19
4.641588833612753551e-19
4.838209664925937252e-19
5.043159487171347508e-19
5.256791122018419246e-19
5.479472336900292615e-19
5.711586478126446858e-19
5.953533130814394009e-19
6.205728806776538465e-19
6.468607661546373954e-19
6.742622241778293435e-19
7.028244264308309274e-19
7.325965428215199764e-19
7.636298261282226308e-19
7.959777002314977489e-19
8.296958520834915127e-19
8.648423275731744437e-19
9.014776314524954028e-19
9.396648314954748080e-19
9.794696670695465388e-19
1.020960662306039134e-18
1.064209244064718207e-18
1.109289864895218041e-18
1.156280131207373167e-18
1.205260936870841400e-18
1.256316602474121515e-18
1.309535020482670463e-18
1.365007806546019352e-18
1.422830457214360597e-18
1.483102514336114986e-18
1.545927736419465933e-18
1.611414277253009890e-18
1.679674872092646339e-18
1.750827031735719632e-18
1.824993244816150531e-18
1.902301188668945855e-18
1.982883949127075292e-18
2.066880249629090706e-18
2.154434690031895477e-18
2.245697995539790199e-18
2.340827276178275264e-18
2.439986297259535062e-18
2.543345761304637721e-18
2.651083601908530794e-18
2.763385290053166910e-18
2.880444153396298144e-18
3.002461709085555625e-18
3.129648010670763112e-18
3.262222009711686546e-18
3.400411932703730198e-18
3.544455673970406716e-18
3.694601205199279690e-18
3.851107002325553393e-18
4.014242490499309623e-18
4.184288507901576320e-18
4.361537789208005466e-18
4.546295469532408537e-18
4.738879609717670009e-18
4.939621743878346221e-18
5.148867450137528988e-18
5.366976945540431665e-18
5.594325706169343226e-18
5.831305113526195253e-18
6.078323128297211249e-18
6.335804992658240736e-18
6.604193962330304537e-18
6.883952069645510288e-18
7.175560918936950305e-18
7.479522515621858674e-18
7.796360130405285699e-18
8.126619200092012059e-18
8.470868266557349756e-18
8.829699955494045543e-18
9.203731996618192943e-18
9.593608287093127762e-18
9.999999999999999175e-18
1.042360673976403356e-17
1.086515774652541591e-17
1.132541315152817253e-17
1.180516528568812724e-17
1.230524004359251403e-17
1.282649830528052029e-17
1.336983741824939886e-17
1.393619274224137881e-17
1.452653925946778243e-17
1.514189325304351948e-17
1.578331405652119738e-17
1.645190587753667342e-17
1.714881969870547826e-17
1.787525525904246279e-17
1.863246311931574925e-17
1.942174681489012684e-17
2.024446509976793564e-17
2.110203428568588076e-17
2.199593068030070182e-17
2.292769312865648720e-17
2.389892566231052621e-17
2.491130026067795917e-17
2.596655972934883039e-17
2.706652070033257966e-17
2.821307675939447510e-17
2.940820170587042526e-17
3.065395295056511020e-17
3.195247505759200903e-17
3.330600343624581974e-17
3.471686818926559220e-17
3.618749812411283635e-17
3.772042493417009066e-17
3.931828755705786295e-17
4.098383671757286105e-17
4.271993966306812036e-17
4.452958509942623539e-17
4.641588833612753281e-17
4.838209664925937368e-17
5.043159487171348894e-17
5.256791122018419169e-17
5.479472336900292923e-17
5.711586478126446011e-17
5.953533130814394664e-17
6.205728806776537964e-17
6.468607661546373993e-17
6.742622241778293974e-17
7.028244264308309467e-17
7.325965428215199032e-17
7.636298261282226077e-17
7.959777002314978529e-17
8.296958520834914357e-17
8.648423275731744591e-17
9.014776314524954567e-17
9.396648314954748388e-17
9.794696670695465388e-17
1.020960662306039226e-16
1.064209244064718084e-16
1.109289864895218195e-16
1.156280131207372966e-16
1.205260936870841238e-16
1.256316602474121508e-16
1.309535020482670348e-16
1.365007806546019382e-16
1.422830457214360620e-16
1.483102514336114848e-16
1.545927736419465733e-16
1.611414277253009975e-16
1.679674872092646277e-16
1.750827031735719740e-16
1.824993244816150500e-16
1.902301188668945824e-16
1.982883949127075430e-16
2.066880249629090398e-16
2.154434690031895646e-16
2.245697995539790354e-16
2.340827276178275202e-16
2.439986297259535386e-16
2.543345761304637567e-16
2.651083601908530948e-16
2.763385290053167434e-16
2.880444153396297513e-16
3.002461709085555563e-16
3.129648010670763050e-16
3.262222009711686346e-16
3.400411932703730444e-16
3.544455673970464340e-16
3.694601205199279382e-16
3.851107002325553393e-16
4.014242490499309777e-16
4.184288507901576320e-16
4.361537789208005712e-16
4.546295469532408383e-16
4.738879609717670502e-16
4.939621743878346159e-16
5.148867450137529666e-16
5.366976945540432682e-16
5.594325706169343226e-16
5.831305113526194421e-16
6.078323128297211156e-16
6.335804992658241568e-16
6.604193962330305184e-16
6.883952069645510750e-16
7.175560918936949997e-16
7.479522515621859291e-16
7.796360130405284898e-16
8.126619200092011997e-16
8.470868266557350310e-16
8.829699955494046714e-16
9.203731996618192943e-16
9.593608287093128440e-16
9.999999999999998805e-16
1.042360673976403196e-15
1.086515774652541801e-15
1.132541315152817167e-15
1.180516528568812786e-15
1.230524004359251668e-15
1.282649830528051931e-15
1.336983741824939775e-15
1.393619274224137635e-15
1.452653925946778169e-15
1.514189325304351985e-15
1.578331405652119652e-15
1.645190587753667601e-15
1.714881969870547937e-15
1.787525525904246501e-15
1.863246311931575159e-15
1.942174681489012536e-15
2.024446509976793514e-15
2.110203428568587854e-15
2.199593068030070108e-15
2.292769312865648967e-15
2.389892566231052744e-15
2.491130026067796114e-15
2.596655972934882657e-15
2.706652070033257917e-15
2.821307675939447855e-15
2.940820170587042575e-15
3.065395295056511366e-15
3.195247505759200188e-15
3.330600343624582024e-15
3.471686818926559491e-15
3.618749812411284226e-15
3.772042493417008598e-15
3.931828755705786812e-15
4.098383671757286548e-15
4.271993966306812282e-15
4.452958509942623736e-15
4.641588833612753355e-15
4.838209664925937245e-15
5.043159487171348105e-15
5.256791122018418725e-15
5.479472336900292800e-15
5.711586478126446701e-15
5.953533130814394516e-15
6.205728806776538605e-15
6.468607661546267990e-15
6.742622241778293925e-15
7.028244264308309417e-15
7.325965428215200068e-15
7.636298261282225732e-15
7.959777002314977691e-15
8.296958520834914702e-15
8.648423275731744640e-15
9.014776314524954271e-15
9.396648314954749029e-15
9.794696670695466275e-15
1.020960662306039187e-14
1.064209244064718118e-14
1.109289864895218160e-14
1.156280131207373134e-14
1.205260936870841396e-14
1.256316602474121350e-14
1.309535020482670387e-14
1.365007806546019451e-14
1.422830457214360689e-14
1.483102514336090718e-14
1.545927736419491174e-14
1.611414277253009847e-14
1.679674872092646356e-14
1.750827031735719759e-14
1.824993244816150510e-14
1.902301188668945637e-14
1.982883949127075539e-14
2.066880249629090506e-14
2.154434690031895429e-14
2.245697995539789979e-14
2.340827276178275301e-14
2.439986297259535228e-14
2.543345761304637823e-14
2.651083601908530928e-14
2.763385290053166881e-14
2.880444153396297966e-14
3.002461709085555563e-14
3.129648010670763622e-14
3.262222009711686977e-14
3.400411932703730523e-14
3.544455673970464577e-14
3.694601205199280131e-14
3.851107002325553235e-14
4.014242490499310014e-14
4.184288507901575985e-14
4.361537789208006087e-14
4.546295469532409093e-14
4.738879609717671055e-14
4.939621743878346514e-14
5.148867450137529271e-14
5.366976945540432406e-14
5.594325706169343502e-14
5.831305113526194619e-14
6.078323128297210564e-14
6.335804992658241173e-14
6.604193962330304553e-14
6.883952069645511262e-14
7.175560918936950944e-14
7.479522515621859409e-14
7.796360130405284700e-14
8.126619200092012234e-14
8.470868266557349167e-14
8.829699955494046438e-14
9.203731996618191917e-14
9.593608287093127178e-14
1.000000000000000030e-13
1.042360673976403220e-13
1.086515774652541666e-13
1.132541315152817262e-13
1.180516528568803217e-13
1.230524004359261647e-13
1.282649830528062415e-13
1.336983741824939743e-13
1.393619274224137714e-13
1.452653925946778256e-13
1.514189325304351875e-13
1.578331405652119573e-13
1.645190587753667593e-13
1.714881969870548047e-13
1.787525525904231749e-13
1.863246311931559761e-13
1.942174681489028408e-13
2.024446509976793309e-13
2.110203428568587917e-13
2.199593068030070266e-13
2.292769312865648809e-13
2.389892566231052571e-13
2.491130026067796288e-13
2.596655972934882878e-13
2.706652070033235986e-13
2.821307675939470575e-13
2.940820170587066541e-13
3.065395295056536073e-13
3.195247505759200598e-13
3.330600343624582134e-13
3.471686818926559444e-13
3.618749812411284068e-13
3.772042493417008787e-13
3.931828755705786655e-13
4.098383671757253132e-13
4.271993966306776279e-13
4.452958509942660055e-13
4.641588833612791284e-13
4.838209664925937213e-13
5.043159487171348579e-13
5.256791122018419104e-13
5.479472336900292453e-13
5.711586478126446543e-13
5.953533130814394863e-13
6.205728806776487708e-13
6.468607661546321443e-13
6.742622241778349461e-13
7.028244264308367257e-13
7.325965428215200068e-13
7.636298261282226047e-13
7.959777002314977754e-13
8.296958520834914765e-13
8.648423275731744135e-13
9.014776314524954271e-13
9.396648314954670774e-13
9.794696670695386379e-13
1.020960662306047454e-12
1.064209244064726808e-12
1.109289864895218324e-12
1.156280131207373008e-12
1.205260936870841288e-12
1.256316602474121344e-12
1.309535020482670394e-12
1.365007806546019388e-12
1.422830457214348976e-12
1.483102514336102911e-12
1.545927736419478527e-12
1.611414277253023238e-12
1.679674872092646382e-12
1.750827031735719633e-12
1.824993244816150523e-12
1.902301188668945915e-12
1.982883949127075640e-12
2.066880249629090595e-12
2.154434690031877898e-12
2.245697995539771526e-12
2.340827276178294423e-12
2.439986297259555347e-12
2.543345761304638025e-12
2.651083601908530751e-12
2.763385290053166982e-12
2.880444153396297941e-12
3.002461709085555437e-12
3.129648010670763344e-12
3.262222009711659941e-12
3.400411932703702629e-12
3.544455673970435547e-12
3.694601205199309894e-12
3.851107002325552882e-12
4.014242490499310342e-12
4.184288507901575833e-12
4.361537789208005531e-12
4.546295469532408386e-12
4.738879609717670853e-12
4.939621743878305392e-12
5.148867450137487468e-12
5.366976945540476734e-12
5.594325706169388865e-12
5.831305113526195224e-12
6.078323128297211877e-12
6.335804992658241527e-12
6.604193962330305007e-12
6.883952069645509596e-12
7.175560918936950590e-12
7.479522515621798875e-12
7.796360130405221188e-12
8.126619200091944985e-12
8.470868266557418687e-12
8.829699955494046186e-12
9.203731996618191968e-12
9.593608287093127480e-12
1.000000000000000101e-11
1.042360673976403169e-11
1.086515774652541656e-11
1.132541315152817226e-11
1.180516528568803217e-11
1.230524004359261476e-11
1.282649830528062627e-11
1.336983741824939723e-11
1.393619274224137724e-11
1.452653925946778124e-11
1.514189325304351865e-11
1.578331405652119916e-11
1.645190587753667654e-11
1.714881969870547916e-11
1.787525525904231840e-11
1.863246311931559922e-11
1.942174681489028448e-11
2.024446509976793552e-11
2.110203428568588018e-11
2.199593068030070498e-11
2.292769312865648466e-11
2.389892566231052652e-11
2.491130026067795864e-11
2.596655972934882999e-11
2.706652070033235986e-11
2.821307675939470635e-11
2.940820170587066642e-11
3.065395295056510769e-11
3.195247505759200174e-11
3.330600343624581286e-11
3.471686818926559868e-11
3.618749812411283826e-11
3.772042493417009090e-11
3.931828755705786836e-11
4.098383671757252648e-11
4.271993966306776501e-11
4.452958509942660540e-11
4.641588833612753439e-11
4.838209664925936850e-11
5.043159487171348659e-11
5.256791122018419104e-11
5.479472336900293018e-11
5.711586478126446543e-11
5.953533130814394055e-11
6.205728806776539043e-11
6.468607661546319989e-11
6.742622241778348855e-11
7.028244264308310428e-11
7.325965428215199987e-11
7.636298261282226047e-11
7.959777002314978077e-11
8.296958520834915249e-11
8.648423275731745024e-11
9.014776314524954352e-11
9.396648314954747433e-11
9.794696670695385410e-11
1.020960662306047511e-10
1.064209244064718060e-10
1.109289864895218236e-10
1.156280131207373008e-10
1.205260936870841434e-10
1.256316602474121368e-10
1.309535020482670386e-10
1.365007806546019194e-10
1.422830457214360843e-10
1.483102514336102992e-10
1.545927736419478583e-10
1.611414277253009918e-10
1.679674872092646164e-10
1.750827031735719811e-10
1.824993244816150426e-10
1.902301188668945640e-10
1.982883949127075575e-10
2.066880249629090692e-10
2.154434690031895443e-10
2.245697995539771510e-10
2.340827276178294309e-10
2.439986297259535459e-10
2.543345761304637993e-10
2.651083601908530687e-10
2.763385290053166740e-10
2.880444153396298038e-10
3.002461709085555615e-10
3.129648010670763312e-10
3.262222009711686291e-10
3.400411932703702968e-10
3.544455673970435223e-10
3.694601205199279424e-10
3.851107002325553076e-10
4.014242490499309599e-10
4.184288507901576286e-10
4.361537789208005370e-10
4.546295469532408644e-10
4.738879609717670433e-10
4.939621743878346364e-10
5.148867450137487177e-10
5.366976945540475829e-10
5.594325706169389834e-10
5.831305113526194158e-10
6.078323128297211942e-10
6.335804992658241139e-10
6.604193962330304458e-10
6.883952069645510210e-10
7.175560918936949815e-10
7.479522515621859879e-10
7.796360130405221834e-10
8.126619200091945632e-10
8.470868266557419334e-10
8.829699955494046573e-10
9.203731996618192873e-10
9.593608287093127222e-10
1.000000000000000062e-09
1.042360673976403195e-09
1.086515774652541734e-09
1.132541315152817136e-09
1.180516528568803030e-09
1.230524004359261721e-09
1.282649830528062569e-09
1.336983741824939704e-09
1.393619274224137640e-09
1.452653925946778267e-09
1.514189325304351916e-09
1.578331405652119852e-09
1.645190587753667512e-09
1.714881969870547955e-09
1.787525525904231814e-09
1.863246311931559845e-09
1.942174681489028384e-09
2.024446509976793384e-09
2.110203428568588135e-09
2.199593068030070278e-09
2.292769312865648698e-09
2.389892566231052845e-09
2.491130026067796148e-09
2.596655972934883180e-09
2.706652070033235573e-09
2.821307675939470519e-09
2.940820170587066952e-09
3.065395295056510924e-09
3.195247505759200485e-09
3.330600343624582113e-09
3.471686818926559377e-09
3.618749812411284343e-09
3.772042493417008935e-09
3.931828755705786061e-09
4.098383671757252648e-09
4.271993966306776242e-09
4.452958509942659919e-09
4.641588833612752947e-09
4.838209664925938013e-09
5.043159487171348142e-09
5.256791122018418742e-09
5.479472336900292837e-09
5.711586478126446000e-09
5.953533130814394365e-09
6.205728806776538061e-09
6.468607661546321075e-09
6.742622241778349062e-09
7.028244264308309084e-09
7.325965428215199625e-09
7.636298261282225375e-09
7.959777002314977302e-09
8.296958520834914215e-09
8.648423275731743421e-09
9.014776314524953887e-09
9.396648314954747278e-09
9.794696670695385048e-09
1.020960662306047573e-08
1.064209244064718210e-08
1.109289864895218096e-08
1.156280131207373028e-08
1.205260936870841423e-08
1.256316602474121337e-08
1.309535020482670303e-08
1.365007806546019329e-08
1.422830457214360553e-08
1.483102514336102806e-08
1.545927736419478449e-08
1.611414277253009990e-08
1.679674872092646422e-08
1.750827031735719945e-08
1.824993244816150550e-08
1.902301188668945609e-08
1.982883949127075492e-08
2.066880249629090847e-08
2.154434690031895484e-08
2.245697995539771737e-08
2.340827276178294330e-08
2.439986297259535356e-08
2.543345761304637910e-08
2.651083601908530563e-08
2.763385290053167092e-08
2.880444153396297831e-08
3.002461709085555263e-08
3.129648010670762774e-08
3.262222009711686353e-08
3.400411932703702493e-08
3.544455673970435844e-08
3.694601205199279734e-08
3.851107002325553013e-08
4.014242490499310157e-08
4.184288507901576555e-08
4.361537789208006011e-08
4.546295469532408562e-08
4.738879609717670474e-08
4.939621743878345578e-08
5.148867450137486929e-08
5.366976945540476201e-08
5.594325706169343223e-08
5.831305113526194406e-08
6.078323128297212149e-08
6.335804992658241346e-08
6.604193962330305823e-08
6.883952069645509838e-08
7.175560918936949691e-08
7.479522515621858887e-08
7.796360130405220841e-08
8.126619200091944391e-08
8.470868266557419623e-08
8.829699955494047401e-08
9.203731996618192004e-08
9.593608287093126643e-08
1.000000000000000087e-07
1.042360673976403311e-07
1.086515774652541808e-07
1.132541315152817219e-07
1.180516528568803129e-07
1.230524004359261457e-07
1.282649830528062395e-07
1.336983741824939803e-07
1.393619274224137698e-07
1.452653925946778407e-07
1.514189325304351982e-07
1.578331405652119694e-07
1.645190587753667512e-07
1.714881969870547756e-07
1.787525525904231797e-07
1.863246311931559712e-07
1.942174681489028351e-07
2.024446509976793301e-07
2.110203428568588101e-07
2.199593068030070229e-07
2.292769312865648615e-07
2.389892566231052812e-07
2.491130026067795917e-07
2.596655972934883511e-07
2.706652070033236036e-07
2.821307675939470486e-07
2.940820170587066968e-07
3.065395295056511172e-07
3.195247505759200054e-07
3.330600343624581666e-07
3.471686818926559261e-07
3.618749812411284293e-07
3.772042493417008968e-07
3.931828755705786293e-07
4.098383671757252714e-07
4.271993966306776441e-07
4.452958509942659919e-07
4.641588833612754006e-07
4.838209664925937682e-07
5.043159487171348573e-07
5.256791122018419569e-07
5.479472336900292506e-07
5.711586478126446298e-07
5.953533130814394597e-07
6.205728806776487206e-07
6.468607661546320942e-07
6.742622241778349095e-07
7.028244264308309779e-07
7.325965428215200353e-07
7.636298261282226500e-07
7.959777002314977897e-07
8.296958520834915738e-07
8.648423275731744678e-07
9.014776314524955144e-07
9.396648314954748734e-07
9.794696670695385247e-07
1.020960662306047480e-06
1.064209244064718170e-06
1.109289864895218096e-06
1.156280131207373015e-06
1.205260936870841232e-06
1.256316602474121423e-06
1.309535020482670395e-06
1.365007806546019461e-06
1.422830457214360752e-06
1.483102514336102726e-06
1.545927736419478581e-06
1.611414277253009964e-06
1.679674872092646237e-06
1.750827031735719839e-06
1.824993244816150285e-06
1.902301188668945808e-06
1.982883949127075492e-06
2.066880249629090410e-06
2.154434690031895365e-06
2.245697995539771724e-06
2.340827276178294449e-06
2.439986297259535224e-06
2.543345761304637672e-06
2.651083601908530960e-06
2.763385290053167290e-06
2.880444153396297871e-06
3.002461709085555369e-06
3.129648010670763224e-06
3.262222009711686803e-06
3.400411932703702863e-06
3.544455673970435632e-06
3.694601205199279946e-06
3.851107002325552934e-06
4.014242490499310052e-06
4.184288507901576608e-06
4.361537789208006143e-06
4.546295469532408032e-06
4.738879609717670368e-06
4.939621743878345949e-06
5.148867450137487247e-06
5.366976945540475778e-06
5.594325706169343726e-06
5.831305113526194433e-06
6.078323128297211090e-06
6.335804992658241875e-06
6.604193962330305717e-06
6.883952069645510420e-06
7.175560918936950008e-06
7.479522515621859151e-06
7.796360130405221000e-06
8.126619200091945026e-06
8.470868266557419199e-06
8.829699955494047507e-06
9.203731996618192692e-06
9.593608287093126219e-06
9.999999999999999124e-06
1.042360673976403348e-05
1.086515774652541665e-05
1.132541315152817245e-05
1.180516528568803071e-05
1.230524004359261647e-05
1.282649830528062458e-05
1.336983741824939898e-05
1.393619274224137708e-05
1.452653925946778323e-05
1.514189325304351951e-05
1.578331405652119747e-05
1.645190587753667501e-05
1.714881969870547693e-05
1.787525525904231797e-05
1.863246311931559903e-05
1.942174681489028298e-05
2.024446509976793492e-05
2.110203428568587847e-05
2.199593068030070102e-05
2.292769312865648647e-05
2.389892566231052579e-05
2.491130026067796044e-05
2.596655972934883321e-05
2.706652070033235718e-05
2.821307675939470740e-05
2.940820170587066820e-05
3.065395295056511045e-05
3.195247505759200732e-05
3.330600343624581772e-05
3.471686818926559409e-05
3.618749812411283743e-05
3.772042493417009074e-05
3.931828755705786229e-05
4.098383671757253053e-05
4.271993966306776293e-05
4.452958509942659792e-05
4.641588833612753329e-05
4.838209664925937470e-05
5.043159487171348530e-05
5.256791122018419400e-05
5.479472336900292591e-05
5.711586478126446552e-05
5.953533130814394258e-05
6.205728806776487883e-05
6.468607661546321112e-05
6.742622241778349222e-05
7.028244264308309186e-05
7.325965428215200099e-05
7.636298261282227051e-05
7.959777002314977982e-05
8.296958520834915780e-05
8.648423275731744212e-05
9.014776314524955187e-05
9.396648314954748438e-05
9.794696670695385331e-05
1.020960662306047472e-04
1.064209244064718077e-04
1.109289864895218172e-04
1.156280131207373100e-04
1.205260936870841367e-04
1.256316602474121533e-04
1.309535020482670319e-04
1.365007806546019537e-04
1.422830457214360701e-04
1.483102514336103090e-04
1.545927736419478403e-04
1.611414277253009862e-04
1.679674872092646177e-04
1.750827031735719839e-04
1.824993244816150548e-04
1.902301188668945714e-04
1.982883949127075662e-04
2.066880249629090562e-04
2.154434690031895602e-04
2.245697995539771554e-04
2.340827276178294178e-04
2.439986297259535291e-04
2.543345761304638061e-04
2.651083601908530655e-04
2.763385290053167070e-04
2.880444153396298176e-04
3.002461709085555352e-04
3.129648010670763275e-04
3.262222009711686702e-04
3.400411932703702677e-04
3.544455673970435734e-04
3.694601205199279708e-04
3.851107002325552934e-04
4.014242490499310119e-04
4.184288507901576032e-04
4.361537789208005771e-04
4.546295469532409049e-04
4.738879609717670436e-04
4.939621743878346016e-04
5.148867450137487077e-04
5.366976945540476726e-04
5.594325706169343522e-04
5.831305113526194907e-04
6.078323128297211022e-04
6.335804992658241198e-04
6.604193962330305243e-04
6.883952069645510319e-04
7.175560918936949636e-04
7.479522515621859829e-04
7.796360130405221136e-04
8.126619200091945907e-04
8.470868266557420555e-04
8.829699955494046829e-04
9.203731996618193505e-04
9.593608287093127913e-04
1.000000000000000021e-03
1.042360673976403321e-03
1.086515774652541903e-03
1.132541315152807860e-03
1.180516528568803037e-03
1.230524004359261634e-03
1.282649830528062411e-03
1.336983741824950564e-03
1.393619274224137776e-03
1.452653925946778167e-03
1.514189325304352018e-03
1.578331405652119842e-03
1.645190587753667501e-03
1.714881969870533842e-03
1.787525525904231716e-03
1.863246311931559835e-03
1.942174681489028474e-03
2.024446509976809971e-03
2.110203428568587902e-03
2.199593068030070413e-03
2.292769312865648810e-03
2.389892566231052728e-03
2.491130026067796179e-03
2.596655972934861813e-03
2.706652070033236084e-03
2.821307675939470957e-03
2.940820170587066847e-03
3.065395295056536334e-03
3.195247505759200597e-03
3.330600343624581881e-03
3.471686818926559247e-03
3.618749812411283743e-03
3.772042493417008830e-03
3.931828755705754110e-03
4.098383671757252836e-03
4.271993966306776754e-03
4.452958509942660063e-03
4.641588833612791953e-03
4.838209664925937660e-03
5.043159487171348584e-03
5.256791122018419048e-03
5.479472336900292374e-03
5.711586478126446688e-03
5.953533130814345903e-03
6.205728806776488263e-03
6.468607661546320678e-03
6.742622241778349276e-03
7.028244264308367191e-03
7.325965428215200533e-03
7.636298261282226454e-03
7.959777002314977548e-03
8.296958520834915238e-03
8.648423275731743562e-03
9.014776314524880485e-03
9.396648314954672218e-03
9.794696670695384952e-03
1.020960662306047602e-02
1.064209244064726924e-02
1.109289864895218226e-02
1.156280131207373073e-02
1.205260936870841335e-02
1.256316602474121316e-02
1.309535020482670460e-02
1.365007806546008305e-02
1.422830457214349122e-02
1.483102514336102906e-02
1.545927736419478588e-02
1.611414277253023219e-02
1.679674872092646459e-02
1.750827031735719547e-02
1.824993244816150439e-02
1.902301188668945736e-02
1.982883949127075413e-02
2.066880249629073421e-02
2.154434690031878027e-02
2.245697995539771424e-02
2.340827276178294308e-02
2.439986297259555056e-02
2.543345761304638061e-02
2.651083601908530568e-02
2.763385290053167048e-02
2.880444153396298154e-02
3.002461709085555569e-02
3.129648010670763036e-02
3.262222009711659987e-02
3.400411932703702872e-02
3.544455673970435539e-02
3.694601205199309762e-02
3.851107002325584311e-02
4.014242490499309729e-02
4.184288507901576248e-02
4.361537789208005250e-02
4.546295469532408984e-02
4.738879609717670111e-02
4.939621743878305771e-02
5.148867450137487034e-02
5.366976945540476163e-02
5.594325706169388929e-02
5.831305113526243089e-02
6.078323128297211109e-02
6.335804992658242152e-02
6.604193962330305590e-02
6.883952069645510319e-02
7.175560918936950416e-02
7.479522515621797596e-02
7.796360130405222133e-02
8.126619200091944606e-02
8.470868266557420034e-02
8.829699955494119124e-02
9.203731996618191857e-02
9.593608287093127740e-02
9.999999999999999167e-02
