1.072912863465865473e-02
1.103002425663353325e-02
1.133935818147553676e-02
1.165736741817124424e-02
1.198429510695249445e-02
1.232039147325925295e-02
1.266591350242227999e-02
1.302112564689537379e-02
1.338629952453750105e-02
1.376171462958810515e-02
1.414765804342521180e-02
1.454442540699078974e-02
1.495231989264452985e-02
1.537165343875885465e-02
1.580274749586572935e-02
1.624593125580282155e-02
1.670154391908439118e-02
1.716993394667190934e-02
1.765146008265069608e-02
1.814649062361631607e-02
1.865540394768876523e-02
1.917858956354133448e-02
1.971644790191610930e-02
2.026939037228327883e-02
2.083783967908011195e-02
2.142223114989438848e-02
2.202301180706914274e-02
2.264064122226299228e-02
2.327559185869797903e-02
2.392834918443667927e-02
2.459941330857366021e-02
2.528929708626229123e-02
2.599852828528079196e-02
2.672764998139717449e-02
2.747721947003832488e-02
2.824781044953083783e-02
2.904001245732738823e-02
2.985443156845115839e-02
3.069169086666256180e-02
3.155243091285482582e-02
3.243730999142379473e-02
3.334700536156479794e-02
3.428221277416154678e-02
3.524364801288151772e-02
3.623204617365254759e-02
3.724816375135864971e-02
3.829277819929964577e-02
3.936668853195127854e-02
4.047071618595057124e-02
4.160570615243162212e-02
4.277252636286043436e-02
4.397206986936103706e-02
4.520525426238351796e-02
4.647302288288918809e-02
4.777634553997923278e-02
4.911621975741106705e-02
5.049367003002978860e-02
5.190975086902317737e-02
5.336554509274156477e-02
5.486216642055372072e-02
5.640076032116256993e-02
5.798250363558739989e-02
5.960860622266034303e-02
6.128031240432253030e-02
6.299890140312804088e-02
6.476568731582987848e-02
6.658202238427989028e-02
6.844929602420884995e-02
7.036893663450241587e-02
7.234241319630983769e-02
7.437123514197777063e-02
7.645695476699514159e-02
7.860116765967715968e-02
8.080551443213394858e-02
8.307168121543209716e-02
8.540140221266621923e-02
8.779645925826706776e-02
9.025868520421539976e-02
9.278996330115725499e-02
9.539223015436935904e-02
9.806747695201312176e-02
1.008177499843369157e-01
1.036451534691926607e-01
1.065518506512028174e-01
1.095400652182504514e-01
1.126120832452350007e-01
1.157702549466973208e-01
1.190169964794708657e-01
1.223547917825638653e-01
1.257861944879333782e-01
1.293138296192715142e-01
1.329403961047619098e-01
1.366686683353266207e-01
1.405014987990492459e-01
1.444418195032655949e-01
1.484926449755336331e-01
1.526570745718657252e-01
1.569382938406432559e-01
1.613395787246914015e-01
1.658642957955356600e-01
1.705159068570927805e-01
1.752979705745240646e-01
1.802141454608968962e-01
1.852681926672022916e-01
1.904639788688539948e-01
1.958054787185648515e-01
2.012967788908722189e-01
2.069420804621363574e-01
2.127457021245003355e-01
2.187120839877352008e-01
2.248457909860640258e-01
2.311515148542879206e-01
2.376340804933380346e-01
2.442984468881905513e-01
2.511497126735552921e-01
2.581931192695099964e-01
2.654340551556215178e-01
2.728780599874088275e-01
2.805308285859925421e-01
2.883982158026965337e-01
2.964862404950640573e-01
3.048010898769900057e-01
3.133491257723143297e-01
3.221368872103014258e-01
3.311710971976250528e-01
3.404586676096428288e-01
3.500067032204581818e-01
3.598225089043779468e-01
3.699135942192476323e-01
3.802876788998051927e-01
3.909526995228719826e-01
4.019168150764942937e-01
4.131884137083102759e-01
4.247761186408607892e-01
4.366887942685275803e-01
4.489355547009338254e-01
4.615257687266961506e-01
4.744690682396166537e-01
4.877753556142698788e-01
5.014548100173870093e-01
5.155178967174588456e-01
5.299753745834067109e-01
5.448383038151904945e-01
5.601180546635233792e-01
5.758263168843918978e-01
5.919751076727848282e-01
6.085767808691628922e-01
6.256440371608023021e-01
6.431899337990728549e-01
6.612278930909543107e-01
6.797717149276290005e-01
6.988355853343380941e-01
7.184340888336352426e-01
7.385822180981669316e-01
7.592953871859214887e-01
7.805894418232371956e-01
8.024806722878599086e-01
8.249858253677555542e-01
8.481221181869401660e-01
8.719072498638666957e-01
8.963594163213142174e-01
9.214973234491609100e-01
9.473402024285650924e-01
9.739078226795403470e-01
1.001220508758858152e+00
1.029299154896555102e+00
1.058165240987035238e+00
1.087840850038080509e+00
1.118348683548492151e+00
1.149712079886751281e+00
1.181955032151525753e+00
1.215102205523016066e+00
1.249178957644589305e+00
1.284211356762577472e+00
1.320226202183586883e+00
1.357251045020256619e+00
1.395314208274056833e+00
1.434444810010205407e+00
1.474672784125527381e+00
1.516028904260923182e+00
1.558544806836671404e+00
1.602253015766660349e+00
1.647186966075469661e+00
1.693381030996937708e+00
1.740870547761556253e+00
1.789691844126240161e+00
1.839882266676696965e+00
1.891480208888598691e+00
1.944525141003782709e+00
1.999057640228551591e+00
2.055119421265164004e+00
2.112753368479223237e+00
2.172003568956614394e+00
2.232915345721731004e+00
2.295535292658341220e+00
2.359911310411186403e+00
2.426092642003792044e+00
2.494129912030084828e+00
2.564075163859643514e+00
2.635981900452560200e+00
2.709905125028384543e+00
2.785901382381918978e+00
2.864028803646704979e+00
2.944347148479845799e+00
3.026917853792782775e+00
3.111804077466170160e+00
3.199070748913110496e+00
3.288784617987070114e+00
3.381014305765292605e+00
3.475830357287795103e+00
3.573305295750466293e+00
3.673513677204525152e+00
3.776532147824626762e+00
3.882439502765200778e+00
3.991316746915161140e+00
4.103247155069863261e+00
4.218316337365854984e+00
4.336612303475387620e+00
4.458225530904631029e+00
4.583249032901997033e+00
4.711778431078167628e+00
4.843912026998471454e+00
4.979750878080651866e+00
5.119398874848069880e+00
5.262962819836656259e+00
5.410552509739275706e+00
5.562280818818805983e+00
5.718263785433422619e+00
5.878620700723432790e+00
6.043474199529315527e+00
6.212950354353580451e+00
6.387178771212790096e+00
6.566292688922490406e+00
6.750429081157381717e+00
6.939728760105731808e+00
7.134336485568169905e+00
7.334401074046297708e+00
7.540075512679619507e+00
7.751517077134688627e+00
7.968887450228915981e+00
8.192352846189486115e+00
8.422084137612328547e+00
8.658256985210787349e+00
8.901051973482667634e+00
9.150654746103889181e+00
9.407256149952905488e+00
9.671052379833817270e+00
9.942245127772103785e+00
1.022104173750675038e+01
1.050765536303572389e+01
1.080230513031980699e+01
1.110521630530644899e+01
1.141662046510796280e+01
1.173675567549834398e+01
1.206586667158160786e+01
1.240420504530326440e+01
1.275202943666131894e+01
1.310960573179279365e+01
1.347720726430155658e+01
1.385511502552439822e+01
1.424361787734319229e+01
1.464301277249956001e+01
1.505360498179410023e+01
1.547570832636184335e+01
1.590964541669256072e+01
1.635574789807050422e+01
1.681435670438885310e+01
1.728582231674362291e+01
1.777050503129196812e+01
1.826877523305399009e+01
1.878101367860675097e+01
1.930761178541117573e+01
1.984897193020740858e+01
2.040550775497184688e+01
2.097764448268903337e+01
2.156581924008373718e+01
2.217048139017901320e+01
2.279209287484579249e+01
2.343112856638191133e+01
2.408807662760527535e+01
2.476343888428081286e+01
2.545773120561247538e+01
2.617148389810372677e+01
2.690524210658343662e+01
2.765956622993793701e+01
2.843503234685680070e+01
2.923223265247752067e+01
3.005177590955792155e+01
3.089428790978420736e+01
3.176041194909771548e+01
3.265080931699937850e+01
3.356615979637754066e+01
3.450716218179606898e+01
3.547453480732087172e+01
3.646901609333045968e+01
3.749136510463647909e+01
3.854236212717244570e+01
3.962280925910183527e+01
4.073353101803447629e+01
4.187537496621433775e+01
4.304921235171409677e+01
4.425593876893611167e+01
4.549647483543053994e+01
4.677176688929104387e+01
4.808278770474568375e+01
4.943053722680352990e+01
5.081604332926929146e+01
5.224036258898489393e+01
5.370458108616269755e+01
5.520981522263210906e+01
5.675721256674695780e+01
5.834795271721398535e+01
5.998324819465491231e+01
6.166434535470430944e+01
6.339252532871837786e+01
6.516910498793640727e+01
6.699543793553306159e+01
6.887291552631415925e+01
7.080296791319145200e+01
7.278706512323789468e+01
7.482671816199891168e+01
7.692348015109877224e+01
7.907894749233463472e+01
8.129476106796050772e+01
8.357260747127448042e+01
8.591422027187198296e+01
8.832138131497383426e+01
9.079592205615713851e+01
9.333972493367232914e+01
9.595472477590402605e+01
9.864291024912012062e+01
1.014063253443188870e+02
1.042470709033824505e+02
1.071673061873719917e+02
1.101692504889089435e+02
1.132551847846443565e+02
1.164274534367910121e+02
1.196884659366016592e+02
1.230406986990134897e+02
1.264866969021423131e+02
1.300290763790163453e+02
1.336705255592965500e+02
1.374138074629686912e+02
1.412617617488753865e+02
1.452173068166096925e+02
1.492834419669267163e+02
1.534632496181937995e+02
1.577598975830854044e+02
1.621766414070257838e+02
1.667168267673117441e+02
1.713838919382488371e+02
1.761813703197088330e+02
1.811128930354899751e+02
1.861821916000317856e+02
1.913931006542326543e+02
1.967495607758368692e+02
2.022556213642379817e+02
2.079154435997372161e+02
2.137333034835254750e+02
2.197135949553356795e+02
2.258608330940592168e+02
2.321796574043388262e+02
2.386748351861154447e+02
2.453512649945586475e+02
2.522139801900516147e+02
2.592681525805105593e+02
2.665190961593783641e+02
2.739722709393869877e+02
2.816332868867275465e+02
2.895079079582123995e+02
2.976020562401398024e+02
3.059218161957533653e+02
3.144734390213042161e+02
3.232633471156104861e+02
3.322981386607777381e+02
3.415845923234311954e+02
3.511296720728784067e+02
3.609405321246521794e+02
3.710245220069019751e+02
3.813891917563132665e+02
3.920422972451833630e+02
4.029918056414022089e+02
4.142459010069245551e+02
4.258129900341785401e+02
4.377017079281684460e+02
4.499209244323046732e+02
4.624797500055714750e+02
4.753875421492074338e+02
4.886539118937099033e+02
5.022887304396497825e+02
5.163021359647609643e+02
5.307045405946574874e+02
5.455066375428585843e+02
5.607194084235180753e+02
5.763541307395822741e+02
5.924223855505465508e+02
6.089360653230191929e+02
6.259073819667883072e+02
6.433488750617169671e+02
6.612734202763421081e+02
6.796942379867808768e+02
6.986249020918573933e+02
7.180793490334876878e+02
7.380718870274606616e+02
7.586172055016480726e+02
7.797303847507035925e+02
8.014269058090186491e+02
8.237226605451141950e+02
8.466339619809160695e+02
8.701775548412393846e+02
8.943706263336046050e+02
9.192308171652392730e+02
9.447762327988740481e+02
9.710254549491827447e+02
9.979975533269407606e+02
1.025712097632325140e+03
1.054189169796079568e+03
1.083449376480865567e+03
1.113513861835782791e+03
1.144404320515966447e+03
1.176143010960386391e+03
1.208752768941510794e+03
1.242257021376035937e+03
1.276679800415573936e+03
1.312045757800679894e+03
1.348380179497423569e+03
1.385709000605478195e+03
1.424058820547421419e+03
1.463456918537149704e+03
1.503931269329441875e+03
1.545510559249192966e+03
1.588224202509808720e+03
1.632102357806304326e+03
1.677175945197786632e+03
1.723476663274200519e+03
1.771037006600513450e+03
1.819890283447870843e+03
1.870070633808300272e+03
1.921613047683643344e+03
1.974553383655678090e+03
2.028928387737944377e+03
2.084775712492331422e+03
2.142133936423841078e+03
2.201042583643039507e+03
2.261542143787471105e+03
2.323674092211634616e+03
2.387480910426202627e+03
2.453006106789802743e+03
2.520294237447877094e+03
2.589390927506439311e+03
2.660342892445233247e+03
2.733197959744999025e+03
2.808005090747237773e+03
2.884814402709094338e+03
2.963677191067538843e+03
3.044645951892383437e+03
3.127774404523385329e+03
3.213117514369011133e+03
3.300731515874990691e+03
3.390673935638827516e+03
3.483003615651477503e+03
3.577780736666464236e+03
3.675066841685659256e+03
3.774924859519024722e+03
3.877419128444971193e+03
3.982615419917922281e+03
4.090580962330506736e+03
4.201384464807078984e+03
4.315096141000370153e+03
4.431787732896324997e+03
4.551532534580894207e+03
4.674405415976354561e+03
4.800482846502550274e+03
4.929842918654091591e+03
5.062565371485319702e+03
5.198731613958188973e+03
5.338424748136577364e+03
5.481729592221255189e+03
5.628732703384258457e+03
5.779522400383891181e+03
5.934188785943001676e+03
6.092823768860139353e+03
6.255521085823939757e+03
6.422376322937170698e+03
6.593486936855124441e+03
6.768952275622742491e+03
6.948873599062156245e+03
7.133354098788159718e+03
7.322498917762877682e+03
7.516415169395338125e+03
7.715211956153538267e+03
7.919000387649569348e+03
8.127893598203007969e+03
8.342006763841958673e+03
8.561457118688094852e+03
8.786363970790327585e+03
9.016848717259299519e+03
9.253034858811011873e+03
9.495048013580011684e+03
9.743015930281371766e+03
9.997068500631561619e+03
1.025733777103671127e+04
1.052395795353801441e+04
1.079706543597516793e+04
1.107679879138450997e+04
1.136329878656747314e+04
1.165670838986814488e+04
1.195717277811220265e+04
1.226483934271000180e+04
1.257985769493078260e+04
1.290237967029522224e+04
1.323255933211580123e+04
1.357055297417649126e+04
1.391651912254976560e+04
1.427061853651526690e+04
1.463301420863333988e+04
1.500387136393640503e+04
1.538335745823752586e+04
1.577164217562546582e+04
1.616889742504797323e+04
1.657529733608095194e+04
1.699101825384615222e+04
1.741623873310811177e+04
1.785113953155587296e+04
1.829590360231677914e+04
1.875071608561815447e+04
1.921576429978085071e+04
1.969123773137716125e+04
2.017732802474264099e+04
2.067422897075863511e+04
2.118213649497316510e+04
2.170124864500476906e+04
2.223176557748414416e+04
2.277388954418680078e+04
2.332782487783663601e+04
2.389377797713359178e+04
2.447195729149667386e+04
2.506257330520263713e+04
2.566583852108861902e+04
2.628196744393176778e+04
2.691117656335495121e+04
2.755368433648062273e+04
2.820971117023193074e+04
2.887947940331477002e+04
2.956321328811493368e+04
3.026113897221868319e+04
3.097348447988316184e+04
3.170047969327788451e+04
3.244235633377328486e+04
3.319934794294855237e+04
3.397168986373150256e+04
3.475961922151516046e+04
3.556337490519754647e+04
3.638319754832044418e+04
3.721932951041844353e+04
3.807201485822861287e+04
3.894149934728218068e+04
3.982803040349984076e+04
4.073185710499992274e+04
4.165323016416126484e+04
4.259240190987045207e+04
4.354962627006856201e+04
4.452515875440927630e+04
4.551925643740661326e+04
4.653217794166753447e+04
4.756418342166900402e+04
4.861553454751125537e+04
4.968649448935507098e+04
5.077732790190832748e+04
5.188830090944432595e+04
5.301968109095406544e+04
5.417173746585196204e+04
5.534474047979384341e+04
5.653896199107167922e+04
5.775467525707808818e+04
5.899215492130407802e+04
6.025167700052265718e+04
6.153351887234362221e+04
6.283795926299662824e+04
6.416527823544791318e+04
6.551575717776252714e+04
6.688967879166340572e+04
6.828732708148166421e+04
6.970898734306584811e+04
7.115494615301045997e+04
7.262549135820455558e+04
7.412091206523629080e+04
7.564149862998486788e+04
7.718754264756673365e+04
7.875933694197115256e+04
8.035717555596136663e+04
8.198135374093792052e+04
8.363216794675601705e+04
8.530991581142123323e+04
8.701489615093468456e+04
8.874740894869415206e+04
9.050775534501517541e+04
9.229623762624408118e+04
9.411315921397895727e+04
9.595882465350144776e+04
9.783353960265776550e+04
9.973761081954800466e+04
1.016713461506480526e+05
1.036350545181055786e+05
1.056290459066835319e+05
1.076536313501426921e+05
1.097091229174456093e+05
1.117958336980222230e+05
1.139140777868980222e+05
1.160641702685428900e+05
1.182464272010735003e+05
1.204611655987173726e+05
1.227087034142704360e+05
1.249893595206786995e+05
1.273034536917027144e+05
1.296513065816403541e+05
1.320332397048541461e+05
1.344495754135067400e+05
1.369006368752071285e+05
1.393867480491926835e+05
1.419082336620407295e+05
1.444654191816533857e+05
1.470586307911788172e+05
1.496881953611093631e+05
1.523544404206277977e+05
1.550576941279944440e+05
1.577982852396038361e+05
1.605765430780425377e+05
1.633927974989218055e+05
1.662473788567796000e+05
1.691406179692977166e+05
1.720728460808592499e+05
1.750443948248040397e+05
1.780555961839492084e+05
1.811067824508062913e+05
1.841982861856452655e+05
1.873304401738693705e+05
1.905035773818890448e+05
1.937180309119798476e+05
1.969741339555097220e+05
2.002722197453656117e+05
2.036126215067603334e+05
2.069956724067914474e+05
2.104217055030929332e+05
2.138910536911264062e+05
2.174040496496678679e+05
2.209610257857055112e+05
2.245623141783293977e+05
2.282082465203541215e+05
2.318991540599186555e+05
2.356353675403230882e+05
2.394172171384304238e+05
2.432450324027639290e+05
2.471191421897026012e+05
2.510398745987331204e+05
2.550075569072487706e+05
2.590225155032352777e+05
2.630850758177023963e+05
2.671955622560828342e+05
2.713542981280843378e+05
2.755616055771945976e+05
2.798178055091292481e+05
2.841232175188390538e+05
2.884781598176956759e+05
2.928829491586508229e+05
2.973379007618897012e+05
3.018433282385320053e+05
3.063995435142797651e+05
3.110068567520299111e+05
3.156655762748442939e+05
3.203760084860620555e+05
3.251384577919122530e+05
3.299532265204838477e+05
3.348206148427019943e+05
3.397409206912376685e+05
3.447144396798976813e+05
3.497414650217182934e+05
3.548222874484235072e+05
3.599571951273495215e+05
3.651464735796502791e+05
3.703904055980773410e+05
3.756892711644786759e+05
3.810433473662903416e+05
3.864529083149397629e+05
3.919182250621707062e+05
3.974395655170736718e+05
4.030171943641098333e+05
4.086513729799129651e+05
4.143423593506118632e+05
4.200904079897489282e+05
4.258957698558135307e+05
4.317586922706908663e+05
4.376794188373574871e+05
4.436581893593234126e+05
4.496952397597009549e+05
4.557908019999112585e+05
4.619451040007440024e+05
4.681583695624666871e+05
4.744308182851598831e+05
4.807626654919355060e+05
4.871541221494541969e+05
4.936053947925738757e+05
5.001166854466171935e+05
5.066881915526187513e+05
5.133201058923049131e+05
5.200126165140290395e+05
5.267659066603244282e+05
5.335801546945540467e+05
5.404555340305255959e+05
5.473922130619036034e+05
5.543903550936235115e+05
5.614501182719187345e+05
5.685716555190520594e+05
5.757551144667956978e+05
5.830006373900319450e+05
5.903083611453535268e+05
5.976784171066314448e+05
6.051109311042848276e+05
6.126060233653226169e+05
6.201638084546569735e+05
6.277843952160273911e+05
6.354678867183986586e+05
6.432143801983338781e+05
6.510239670083442470e+05
6.588967325634025037e+05
6.668327562909082044e+05
6.748321115801694104e+05
6.828948657360643847e+05
6.910210799303136300e+05
6.992108091574310092e+05
7.074641021911918651e+05
7.157810015401102137e+05
7.241615434096570825e+05
7.326057576589677483e+05
7.411136677653733641e+05
7.496852907866270980e+05
7.583206373248429736e+05
7.670197114927145885e+05
7.757825108809471130e+05
7.846090265273303958e+05
7.934992428844710812e+05
8.024531377937375801e+05
8.114706824544182746e+05
8.205518414005257655e+05
8.296965724732285598e+05
8.389048267966865096e+05
8.481765487562365597e+05
8.575116759756295942e+05
8.669101392955374904e+05
8.763718627539894078e+05
8.858967635662974790e+05
8.954847521079806611e+05
9.051357318950119661e+05
9.148495995686739916e+05
9.246262448772012722e+05
9.344655506614540936e+05
9.443673928382461891e+05
9.543316403853137745e+05
9.643581553271533921e+05
9.744467927186823217e+05
9.845974006319725886e+05
9.948098201406730805e+05
1.005083885305187316e+06
1.015419423158485908e+06
1.025816253689288045e+06
1.036274189826174872e+06
1.046793037421871792e+06
1.057372595236052992e+06
1.068012654915714171e+06
1.078713000978540862e+06
1.089473410789197776e+06
1.100293654541584197e+06
1.111173495234399801e+06
1.122112688645666698e+06
1.133110983308521099e+06
1.144168120482723927e+06
1.155283834123547887e+06
1.166457850852479227e+06
1.177689889920883579e+06
1.188979663172671571e+06
1.200326875006845687e+06
1.211731222334806109e+06
1.223192394533265149e+06
1.234710073398763314e+06
1.246283933093449334e+06
1.257913640091493027e+06
1.269598853118393570e+06
1.281339223091053544e+06
1.293134393047483871e+06
1.304983998077517143e+06
1.316887665245159296e+06
1.328845013510964112e+06
1.340855653643685626e+06
1.352919188130538445e+06
1.365035211082428461e+06
1.377203308130199090e+06
1.389423056318958988e+06
1.401694023992486065e+06
1.414015770675866632e+06
1.426387846947599668e+06
1.438809794306725962e+06
1.451281145031311549e+06
1.463801422032989096e+06
1.476370138701467076e+06
1.488986798738584155e+06
1.501650895989947021e+06
1.514361914264663821e+06
1.527119327146545751e+06
1.539922597794962116e+06
1.552771178741098614e+06
1.565664511667372426e+06
1.578602027184025384e+06
1.591583144590664655e+06
1.604607271626144880e+06
1.617673804213321768e+06
1.630782126185034402e+06
1.643931609003655380e+06
1.657121611463441281e+06
1.670351479385547573e+06
1.683620545295050135e+06
1.696928128087764140e+06
1.710273532677902374e+06
1.723656049638177035e+06
1.737074954820121638e+06
1.750529508955062367e+06
1.764018957250340842e+06
1.777542528954909882e+06
1.791099436917312443e+06
1.804688877119818237e+06
1.818310028198963497e+06
1.831962050938766683e+06
1.845644087752887979e+06
1.859355262138407212e+06
1.873094678109934088e+06
1.886861419613193721e+06
1.900654549912584480e+06
1.914473110954920063e+06
1.928316122707589529e+06
1.942182582469180459e+06
1.956071464155692142e+06
1.969981717554047937e+06
1.983912267548360396e+06
1.997862013313509524e+06
2.011829827477598796e+06
2.025814555249982513e+06
2.039815013511831639e+06
2.053829989877064712e+06
2.067858241703486536e+06
2.081898495072174817e+06
2.095949443726043915e+06
2.110009747955743223e+06
2.124078033450617455e+06
2.138152890089616645e+06
2.152232870696066413e+06
2.166316489727036562e+06
2.180402221913608257e+06
2.194488500846237410e+06
2.208573717492117081e+06
2.222656218653058168e+06
2.236734305358782876e+06
2.250806231186849531e+06
2.264870200508381706e+06
2.278924366659564897e+06
2.292966830028487369e+06
2.306995636061176192e+06
2.321008773165792227e+06
2.335004170540329535e+06
2.348979695880080108e+06
2.362933152993233874e+06
2.376862279300295282e+06
2.390764743212786969e+06
2.404638141390359029e+06
2.418479995869273786e+06
2.432287751041154843e+06
2.446058770497154910e+06
2.459790333706605248e+06
2.473479632532365620e+06
2.487123767571092583e+06
2.500719744311294518e+06
2.514264469081287272e+06
2.527754744802158326e+06
2.541187266503790859e+06
2.554558616612780839e+06
2.567865259982816875e+06
2.581103538649395574e+06
2.594269666310217232e+06
2.607359722484698985e+06
2.620369646355262492e+06
2.633295230249853805e+06
2.646132112756833434e+06
2.658875771433460526e+06
2.671521515090700705e+06
2.684064475603353232e+06
2.696499599246815313e+06
2.708821637483174447e+06
2.721025137184771243e+06
2.733104430245452095e+06
2.745053622527653817e+06
2.756866582094377838e+06
2.768536926675753668e+06
2.780058010305131786e+06
2.791422909051420167e+06
2.802624405785955023e+06
2.813654973894351628e+06
2.824506759841790888e+06
2.835171564507523086e+06
2.845640823160292581e+06
2.855905583977305330e+06
2.865956484954966698e+06
2.875783729082353879e+06
2.885377057603241876e+06
2.894725721203221008e+06
2.903818448897305876e+06
2.912643414428267628e+06
2.921188199904289097e+06
2.929439756411481649e+06
2.937384361284959130e+06
2.945007571705857292e+06
2.952294174218401778e+06
2.959228129744404927e+06
2.965792513582718093e+06
2.971969449867593590e+06
2.977740039817665704e+06
2.983084283079916611e+06
2.987980991357949097e+06
2.992407693368025590e+06
2.996340530091400724e+06
2.999754139070069883e+06
3.002621526377992239e+06
3.004913924614816904e+06
3.006600635076533537e+06
3.007648851933173370e+06
3.008023465864812490e+06
3.007686844242010731e+06
3.006598584376294166e+06
3.004715235771975480e+06
3.001989986609253101e+06
2.998372308746590745e+06
2.993807554487037472e+06
2.988236497015736066e+06
2.981594804774313234e+06
2.973812438028547913e+06
2.964812953385913279e+06
2.954512698842188343e+06
2.942819878011715133e+06
2.929633457114439923e+06
2.914841881910063792e+06
2.898321563438259996e+06
2.879935080638931133e+06
2.859529033834520262e+06
2.836931464265823830e+06
2.811948729903036729e+06
2.784361693817426916e+06
2.753921035057207104e+06
2.720341427611805499e+06
2.683294242578606121e+06
2.642398299329729285e+06
2.597208003636108246e+06
2.547197932567575946e+06
2.491742505760462023e+06
2.430088732747660484e+06
2.361318995031178929e+06
2.284299137726857793e+06
2.197604303168767598e+06
2.099409955701117869e+06
1.987326417280978290e+06
1.858137618238898925e+06
1.707368605629873928e+06
1.528526279496918432e+06
1.311662885656617582e+06
1.040375009422762436e+06
6.846021649078903720e+05
1.792834808436868771e+05
-6.680107529016328044e+05
-3.529399786293850746e+06
nan
nan
nan
nan
nan
nan
nan
nan
nan
nan
nan
nan
nan
nan
nan
nan
nan
nan
nan
nan
nan
nan
nan
nan
nan
