6.198228656082428360e-07
6.371030906962018893e-07
6.551894531416958604e-07
6.735424085350247427e-07
6.923910749301218498e-07
7.117268159047715520e-07
7.318040643720001946e-07
7.521388379240793027e-07
7.732670347716655728e-07
7.949862108541959507e-07
8.173609742623042870e-07
8.402166449508689606e-07
8.639033603892394977e-07
8.880289549411405402e-07
9.129760463242306765e-07
9.386401856365253304e-07
9.649370700920647216e-07
9.920502715105159917e-07
1.019681423004160212e-06
1.048305484195438001e-06
1.077663834180799356e-06
1.108023272426358219e-06
1.139165369655801798e-06
1.170896210091103792e-06
1.203800345912439244e-06
1.237478181204273596e-06
1.272307407620719673e-06
1.307940184062015812e-06
1.344551253859584174e-06
1.382347115603101862e-06
1.421054675736962975e-06
1.460931620794918180e-06
1.502015048874207811e-06
1.544117217924136929e-06
1.587331540325972253e-06
1.632037260263091247e-06
1.677635842507774690e-06
1.724821754205424249e-06
1.773061482773938926e-06
1.822865933301275995e-06
1.874025209017030277e-06
1.926617925684561460e-06
1.980508192664125073e-06
2.036100511930166401e-06
2.093087023516832358e-06
2.151954379678600127e-06
2.212223609760569685e-06
2.274213194329357723e-06
2.338036915910689667e-06
2.403601084087257805e-06
2.471108744659068607e-06
2.540309540756496917e-06
2.611505732128683303e-06
2.684797943828051319e-06
2.760088322987935861e-06
2.837583797626861699e-06
2.917043421120135155e-06
2.998786309951790361e-06
3.082938090499099397e-06
3.169432373166787674e-06
3.258265698922393976e-06
3.349748634417442728e-06
3.443752694170121579e-06
3.540219683813502236e-06
3.639658629682395390e-06
3.741648258504961052e-06
3.846590712779018661e-06
3.954462377354827397e-06
4.065314370183415768e-06
4.179278807313197042e-06
4.296568542650169041e-06
4.416975999296161776e-06
4.540884715065195853e-06
4.668259729194667418e-06
4.799159846577808573e-06
4.933738425596788740e-06
5.072241418312801232e-06
5.214260505726969817e-06
5.360493620363723474e-06
5.510991642544284960e-06
5.665405623976399195e-06
5.824504892510761133e-06
5.987663409266150465e-06
6.155626738417983856e-06
6.328258488513945093e-06
6.505791498510943726e-06
6.688337576649747879e-06
6.875884566710110725e-06
7.068556107026015440e-06
7.266864006905624674e-06
7.470707101585443475e-06
7.680128242178191293e-06
7.895571539924530152e-06
8.116881249435178646e-06
8.344563785447285843e-06
8.578528208280252656e-06
8.819358133765334355e-06
9.066549924094430385e-06
9.320780485769315153e-06
9.582156181486943677e-06
9.850968546001993319e-06
1.012719609774109276e-05
1.041126923857118329e-05
1.070331602819550430e-05
1.100341644255418708e-05
1.131187467636608436e-05
1.162920627932084929e-05
1.195540130633865245e-05
1.229068309010522625e-05
1.263526246912460710e-05
1.298959224645006348e-05
1.335388174064453574e-05
1.372859270979986493e-05
1.411345267780367907e-05
1.450921501983293015e-05
1.491616525560456413e-05
1.533462161987321671e-05
1.576470187734866412e-05
1.620682893120836292e-05
1.666123575191196524e-05
1.712848470280471029e-05
1.760896310743603180e-05
1.810264665171092157e-05
1.861036990815180127e-05
1.913231882236895618e-05
1.966880146421051803e-05
2.022051172926362490e-05
2.078752435704185589e-05
2.137057483391647660e-05
2.196980675439724051e-05
2.258604126221601226e-05
2.321953422212005172e-05
2.387048775290025036e-05
2.454007674390980986e-05
2.522818507922457628e-05
2.593569533062452790e-05
2.666324013351875744e-05
2.741096072389700593e-05
2.817953454803178375e-05
2.896993483677273373e-05
2.978244017514774904e-05
3.061765786893853284e-05
3.147628513339358893e-05
3.235913221951424048e-05
3.326662848998594848e-05
3.419934998940807639e-05
3.515853676900246023e-05
3.614460261159419506e-05
3.715816355079385152e-05
3.820030585664613542e-05
3.927159798604248241e-05
4.037312621360058688e-05
4.150524666408834826e-05
4.266938134536446016e-05
4.386601253252759728e-05
4.509623248760711775e-05
4.636074704368008646e-05
4.766091593733511354e-05
4.899776565301397030e-05
5.037176616739745923e-05
5.178437073985099360e-05
5.323677757022932453e-05
5.472971334772074785e-05
5.626471808744386586e-05
5.784266174227759862e-05
5.946479089018569085e-05
6.113249587940120433e-05
6.284685219263870927e-05
6.460939808800960954e-05
6.642117224366092336e-05
6.828399795010832961e-05
7.019901753473159782e-05
7.216772928262119231e-05
7.419178174191979540e-05
7.627249897728554696e-05
7.841143791216772835e-05
8.061041842883517558e-05
8.287106817467265350e-05
8.519511796723098151e-05
8.758444674218872730e-05
9.004087342667865086e-05
9.256595831413119398e-05
9.516205591618267579e-05
9.783060214751554157e-05
1.005744365124851237e-04
1.033948274549364174e-04
1.062945558254734657e-04
1.092757026377461495e-04
1.123402073254446660e-04
1.154906867814533427e-04
1.187297400358757946e-04
1.220595087951869358e-04
1.254824953384370994e-04
1.290016307489314179e-04
1.326193364259270729e-04
1.363385995592251651e-04
1.401622955949327989e-04
1.440930013540861997e-04
1.481340897022117924e-04
1.522885405882602619e-04
1.565592804403854489e-04
1.609500125549467289e-04
1.654638037512722146e-04
1.701041638972461130e-04
1.748746467726663685e-04
1.797789367896563577e-04
1.848209417313180990e-04
1.900041423480271837e-04
1.953326955374547452e-04
2.008107815095327845e-04
2.064424652498377465e-04
2.122320510282286229e-04
2.181839467693104601e-04
2.243027786997480561e-04
2.305932618898142166e-04
2.370600637784066116e-04
2.437084409913582088e-04
2.505431066360578295e-04
2.575696227690230642e-04
2.647930250369940003e-04
2.722189719475068140e-04
2.798531361872854534e-04
2.877015985143527863e-04
2.957700021323961975e-04
3.040649593469268715e-04
3.125922078116258091e-04
3.213587838372172420e-04
3.303711824908825249e-04
3.396362861280537442e-04
3.491610436377969484e-04
3.589531583770147537e-04
3.690200181657990659e-04
3.793688952893934469e-04
3.900081494822334053e-04
4.009456776046657275e-04
4.121901318638935522e-04
4.237496275695566087e-04
4.356334775407650641e-04
4.478506650454884769e-04
4.604105827978402792e-04
4.733225195175096655e-04
4.865964195101995290e-04
5.002428873956595847e-04
5.142719410803351428e-04
5.286945459090972412e-04
5.435213869652818011e-04
5.587641594077431958e-04
5.744343581937000386e-04
5.905440861639554492e-04
6.071056131041551547e-04
6.241314398462262727e-04
6.416348947864992111e-04
6.596292038364363463e-04
6.781280944052188410e-04
6.971456580765715691e-04
7.166967142917089620e-04
7.367959348683472817e-04
7.574589906553169183e-04
7.787014432109734801e-04
8.005396622081732390e-04
8.229902378831035212e-04
8.460704283558546750e-04
8.697978455806593730e-04
8.941906690577725112e-04
9.192676118417646234e-04
9.450479178306487975e-04
9.715510900751134606e-04
9.987974230230209621e-04
1.026808020515977953e-03
1.055604084328964952e-03
1.085207473825290560e-03
1.115641285566444738e-03
1.146928427619032164e-03
1.179093237897494220e-03
1.212159843408582970e-03
1.246153811064401682e-03
1.281101048630762162e-03
1.317028230666671780e-03
1.353963246844884071e-03
1.391933658193209066e-03
1.430969190912549475e-03
1.471099235420697494e-03
1.512354874327492393e-03
1.554767174125418596e-03
1.598369014461735937e-03
1.643193425992353846e-03
1.689275209934126137e-03
1.736648816711233072e-03
1.785351288421298472e-03
1.835419417583823666e-03
1.886891491712871507e-03
1.939807022730740890e-03
1.994206531936676234e-03
2.050131334851289667e-03
2.107624645230203684e-03
2.166730165019651981e-03
2.227493241453995347e-03
2.289960032366078740e-03
2.354178722202648118e-03
2.420198259311839070e-03
2.488069129105750267e-03
2.557843173819657201e-03
2.629573935786575899e-03
2.703316046804440844e-03
2.779126153735466884e-03
2.857062131586123564e-03
2.937183594100327422e-03
3.019551689881487533e-03
3.104229696258224702e-03
3.191281907179085997e-03
3.280775566723352372e-03
3.372778593420368287e-03
3.467361367850753731e-03
3.564596557279984916e-03
3.664558243405525387e-03
3.767323107597346336e-03
3.872969418333655888e-03
3.981578070520417137e-03
4.093232442754294632e-03
4.208017544925797722e-03
4.326021246308015857e-03
4.447334059722619914e-03
4.572048220589200983e-03
4.700259366351059766e-03
4.832065761720376849e-03
4.967567835947464885e-03
5.106869567124575592e-03
5.250077165191901520e-03
5.397300096134672112e-03
5.548651176409788617e-03
5.704246001874044812e-03
5.864203705234017142e-03
6.028646290915281800e-03
6.197699579738069273e-03
6.371492966969123997e-03
6.550159030976104337e-03
6.733834750425164023e-03
6.922660543035223310e-03
7.116780416478059139e-03
7.316342730961390359e-03
7.521500554787065654e-03
7.732410378190013485e-03
7.949233438922495565e-03
8.172135674249013035e-03
8.401287018394409598e-03
8.636863100292421769e-03
8.879043780698562746e-03
9.128014346606433058e-03
9.383964820773095170e-03
9.647090910935119529e-03
9.917593853049511826e-03
1.019568013221771804e-02
1.048156262084267570e-02
1.077545959827578941e-02
1.107759543355245867e-02
1.138820143933634219e-02
1.170751486413085588e-02
1.203577932115624562e-02
1.237324614448387892e-02
1.272017290043427409e-02
1.307682485946285930e-02
1.344347413302602288e-02
1.382040102075543508e-02
1.420789379874719781e-02
1.460624795418145709e-02
1.501576815381889911e-02
1.543676689693344872e-02
1.586956617343548287e-02
1.631449606993133281e-02
1.677189688225687661e-02
1.724211770848204164e-02
1.772551753844130856e-02
1.822246561344172816e-02
1.873334127547124361e-02
1.925853485420969333e-02
1.979844732333488344e-02
2.035349073708659848e-02
2.092408872216985558e-02
2.151067726577238562e-02
2.211370379371201123e-02
2.273362860469425525e-02
2.337092510018589850e-02
2.402607935854769033e-02
2.469959156230387351e-02
2.539197551822114721e-02
2.610375981386917413e-02
2.683548706196377948e-02
2.758771583071199796e-02
2.836101992144375236e-02
2.915598909110666409e-02
2.997322967221836484e-02
3.081336513809858693e-02
3.167703609825624211e-02
3.256490100635895529e-02
3.347763709327851445e-02
3.441593976047532116e-02
3.538052474815623488e-02
3.637212703162923805e-02
3.739150226344288563e-02
3.843942749433575112e-02
3.951670119086731631e-02
4.062414408728613063e-02
4.176259985622556709e-02
4.293293588546012729e-02
4.413604317156093193e-02
4.537283810599030548e-02
4.664426214477405963e-02
4.795128392698503467e-02
4.929489779597971688e-02
5.067612656427702977e-02
5.209602123600412527e-02
5.355566249129292689e-02
5.505616067379527634e-02
5.659865708654078509e-02
5.818432484403320698e-02
5.981436981082376148e-02
6.149003114938396408e-02
6.321258275683272476e-02
6.498333334908465431e-02
6.680362899947749067e-02
6.867485261310524169e-02
7.059842489832279799e-02
7.257580737255842074e-02
7.460850061623508500e-02
7.669804840585342509e-02
7.884603614316698650e-02
8.105409346012923399e-02
8.332389571725874744e-02
8.565716420478351745e-02
8.805566782258673897e-02
9.052122478176204134e-02
9.305570335050161734e-02
9.566102419051084049e-02
9.833916006100724971e-02
1.010921389474390975e-01
1.039220451390260869e-01
1.068310195299119747e-01
1.098212629944855800e-01
1.128950370547574245e-01
1.160546656833848778e-01
1.193025362687669122e-01
1.226411030630499971e-01
1.260728873557249163e-01
1.296004799961681941e-01
1.332265432474347699e-01
1.369538120683748417e-01
1.407850976161303669e-01
1.447232877581466903e-01
1.487713494142487436e-01
1.529323315458711863e-01
1.572093665786228889e-01
1.616056723358904046e-01
1.661245558003311695e-01
1.707694134864227720e-01
1.755437355489627427e-01
1.804511068747702285e-01
1.854952115541749491e-01
1.906798327092998624e-01
1.960088578759784927e-01
2.014862798861709603e-01
2.071162006834593450e-01
2.129028335879771527e-01
2.188505068736313897e-01
2.249636659840132391e-01
2.312468772213559509e-01
2.377048305027361363e-01
2.443423430341069291e-01
2.511643622215349869e-01
2.581759691963486092e-01
2.653823825386865121e-01
2.727889612962430266e-01
2.804012086812933124e-01
2.882247767697970198e-01
2.962654688362370559e-01
3.045292441816979667e-01
3.130222215828772359e-01
3.217506842167818792e-01
3.307210826939761539e-01
3.399400398329519013e-01
3.494143552979399603e-01
3.591510092477836480e-01
3.691571681148306805e-01
3.794401876731773871e-01
3.900076187930672234e-01
4.008672117639628385e-01
4.120269218685106982e-01
4.234949135847043133e-01
4.352795661062031640e-01
4.473894785867381096e-01
4.598334752770308897e-01
4.726206107324736894e-01
4.857601760434558380e-01
4.992617039854959637e-01
5.131349743155084742e-01
5.273900201441740210e-01
5.420371341026746226e-01
5.570868732211508023e-01
5.725500662954370323e-01
5.884378194027147790e-01
6.047615223190837552e-01
6.215328545681487737e-01
6.387637928445085711e-01
6.564666167724376722e-01
6.746539150394170736e-01
6.933385936543119410e-01
7.125338815674600035e-01
7.322533381997954338e-01
7.525108594005570639e-01
7.733206858676165973e-01
7.946974090787979339e-01
8.166559785216546130e-01
8.392117100600973156e-01
8.623802912077559446e-01
8.861777901874876573e-01
9.106206615629732770e-01
9.357257550777324795e-01
9.615103220109350035e-01
9.879920217019795281e-01
1.015188931090331703e+00
1.043119549138403546e+00
1.071802806337389447e+00
1.101258069860246547e+00
1.131505152343976750e+00
1.162564316943941023e+00
1.194456285841987819e+00
1.227202245906088729e+00
1.260823854956306000e+00
1.295343248610207443e+00
1.330783046432826522e+00
1.367166357119665498e+00
1.404516784738322199e+00
1.442858433037926380e+00
1.482215911589026769e+00
1.522614339084051860e+00
1.564079348566013827e+00
1.606637089935236240e+00
1.650314234553011072e+00
1.695137976034113647e+00
1.741136033655678705e+00
1.788336653392004871e+00
1.836768607865307601e+00
1.886461197248598065e+00
1.937444247376403750e+00
1.989748108748847777e+00
2.043403652587545416e+00
2.098442267494029956e+00
2.154895854659919063e+00
2.212796820922109831e+00
2.272178070899941282e+00
2.333072999092016708e+00
2.395515477666469994e+00
2.459539845591809382e+00
2.525180893218922140e+00
2.592473847407897658e+00
2.661454352856596817e+00
2.732158451333690063e+00
2.804622560487227023e+00
2.878883447681203744e+00
2.954978202092767070e+00
3.032944204870071658e+00
3.112819094807174558e+00
3.194640731157571079e+00
3.278447153626006916e+00
3.364276538124439497e+00
3.452167147689475968e+00
3.542157281195025931e+00
3.634285216043557476e+00
3.728589146243471930e+00
3.825107115133252300e+00
3.923876944214571783e+00
4.024936154117336073e+00
4.128321880775837727e+00
4.234070784832710821e+00
4.342218953134691972e+00
4.452801794981435357e+00
4.565853927910386467e+00
4.681409057127536855e+00
4.799499845825880406e+00
4.920157775017179880e+00
5.043412994031395868e+00
5.169294161809281363e+00
5.297828274707561569e+00
5.429040484124973531e+00
5.562953900950652120e+00
5.699589386563246762e+00
5.838965330551435073e+00
5.981097412235729216e+00
6.125998348242638336e+00
6.273677620497090324e+00
6.424141190396194467e+00
6.577391190310074798e+00
6.733425598608044460e+00
6.892237891020558394e+00
7.053816671790595905e+00
7.218145280649504336e+00
7.385201374982336198e+00
7.554956486176126695e+00
7.727375547826970781e+00
7.902416395591457032e+00
8.080029234826117346e+00
8.260156077773661565e+00
8.442730144230827349e+00
8.627675227063681618e+00
8.814905019446998224e+00
9.004322401388019870e+00
9.195818684211126026e+00
9.389272808356240674e+00
9.584550496952019216e+00
9.781503355962128055e+00
9.979967924646764743e+00
1.017976466737395214e+01
1.038069691020598029e+01
1.058254971393063038e+01
1.078508868188086289e+01
1.098805870108158445e+01
1.119118260947464627e+01
1.139415978917808836e+01
1.159666467840245474e+01
1.179834520043782220e+01
1.199882110393056500e+01
1.219768221074281911e+01
1.239448656522861647e+01
1.258875848219900107e+01
1.277998648533307247e+01
1.296762113363903346e+01
1.315107272694976004e+01
1.332970888835344425e+01
1.350285201352915543e+01
1.366977658164253562e+01
1.382970632338405359e+01
1.398181123319761454e+01
1.412520442613580229e+01
1.425893882303199511e+01
1.438200366267418673e+01
1.449332082808532540e+01
1.459174098028165467e+01
1.467603948894432797e+01
1.474491215127983423e+01
1.479697068816143535e+01
1.483073800655303387e+01
1.484464321942061993e+01
1.483701640893850993e+01
1.480608312348324773e+01
1.474995859309463420e+01
1.466664165415413379e+01
1.455400836691853428e+01
1.440980531342093229e+01
1.423164256061263977e+01
1.401698627436271138e+01
1.376315096746646027e+01
1.346729136625052625e+01
1.312639388104101101e+01
1.273726765658254045e+01
1.229653519320718047e+01
1.180062251178008559e+01
1.124574884926815521e+01
1.062791585871476663e+01
9.942896300835343482e+00
9.186222195684932146e+00
8.353172420750047067e+00
7.438759728606545885e+00
6.437717158392908701e+00
5.344483821625068742e+00
4.153190030931790844e+00
2.857641751080019166e+00
1.451304341133671683e+00
-7.271443978191238777e-02
-1.721682188724958040e+00
-3.503260411788506001e+00
-5.425523899383591697e+00
-7.496980959582307591e+00
-9.726594539369621373e+00
-1.212380426792737431e+01
-1.469854945653914591e+01
-1.746129309066330748e+01
-2.042304684959344030e+01
-2.359539719206648556e+01
-2.699053254545180636e+01
-3.062127163728471402e+01
-3.450109301178607524e+01
-3.864416577015342114e+01
-4.306538157752616058e+01
-4.778038798252009656e+01
-5.280562309113041408e+01
-5.815835164133994084e+01
-6.385670252682609060e+01
-6.991970781487769671e+01
-7.636734331163575007e+01
-8.322057071953069851e+01
-9.050138144407837615e+01
-9.823284209705776959e+01
-1.064391417539683289e+02
-1.151456410187639392e+02
-1.243789229532195293e+02
-1.341668459260588122e+02
-1.445385984423158732e+02
-1.555247560145557486e+02
-1.671573401340847340e+02
-1.794698794043212331e+02
-1.924974729061599135e+02
-2.062768558543179722e+02
-2.208464676137473646e+02
-2.362465221468570746e+02
-2.525190809584437375e+02
-2.697081286114208183e+02
-2.878596508859513960e+02
-3.070217156575062063e+02
-3.272445565701849546e+02
-3.485806595822356257e+02
-3.710848524689515671e+02
-3.948143973582002673e+02
-4.198290863882014037e+02
-4.461913405738230267e+02
-4.739663119651615943e+02
-5.032219891980608395e+02
-5.340293065203615015e+02
-5.664622563969828661e+02
-6.005980057903113902e+02
-6.365170162154596483e+02
-6.743031676780964290e+02
-7.140438866004343481e+02
-7.558302778460517857e+02
-7.997572609581749248e+02
-8.459237107291980919e+02
-8.944326022219310062e+02
-9.453911603702500770e+02
-9.989110142846927829e+02
-1.055108356402165100e+03
-1.114104106612232272e+03
-1.176024081508360950e+03
-1.240999168910007484e+03
-1.309165507808442044e+03
-1.380664673896578051e+03
-1.455643870849819450e+03
-1.534256127522448196e+03
-1.616660501246307149e+03
-1.703022287407970680e+03
-1.793513235501010513e+03
-1.888311771848566195e+03
-1.987603229206536525e+03
-2.091580083459199614e+03
-2.200442197629445218e+03
-2.314397073445522437e+03
-2.433660110686371354e+03
-2.558454874581085733e+03
-2.689013371506946896e+03
-2.825576333261366017e+03
-2.968393510200982291e+03
-3.117723973531123193e+03
-3.273836427062256007e+03
-3.437009528749883884e+03
-3.607532222356027432e+03
-3.785704079573360104e+03
-3.971835652986301284e+03
-4.166248840240012214e+03
-4.369277259812011835e+03
-4.581266638803315800e+03
-4.802575213174527562e+03
-5.033574140877989521e+03
-5.274647928352436793e+03
-5.526194870861723757e+03
-5.788627507203913410e+03
-6.062373089304309360e+03
-6.347874067257130264e+03
-6.645588590394467246e+03
-6.955991024982800809e+03
-7.279572489182372919e+03
-7.616841405948562169e+03
-7.968324074511035178e+03
-8.334565261242923953e+03
-8.716128810562851868e+03
-9.113598276763939793e+03
-9.527577577520449267e+03
-9.958691669981868472e+03
-1.040758725031968970e+04
-1.087493347772464040e+04
-1.136142272376807705e+04
-1.186777134825809117e+04
-1.239472050258664967e+04
-1.294303696179891995e+04
-1.351351398646906455e+04
-1.410697221575680305e+04
-1.472426059286317650e+04
-1.536625732429594245e+04
-1.603387087443986638e+04
-1.672804099685637993e+04
-1.744973980400576329e+04
-1.819997287700339803e+04
-1.897978041725000367e+04
-1.979023844165069750e+04
-2.063246002361538194e+04
-2.150759658162285632e+04
-2.241683921774563350e+04
-2.336142010829450010e+04
-2.434261394902675238e+04
-2.536173945746020036e+04
-2.642016093495641326e+04
-2.751928989147483298e+04
-2.866058673584731878e+04
-2.984556253491425014e+04
-3.107578084464639687e+04
-3.235285961703458452e+04
-3.367847318625416665e+04
-3.505435433819360333e+04
-3.648229646755220892e+04
-3.796415582688862924e+04
-3.950185387226065359e+04
-4.109737971075274254e+04
-4.275279265488551755e+04
-4.447022488963782962e+04
-4.625188425819698023e+04
-4.810005717273454502e+04
-5.001711165693623479e+04
-5.200550052759666869e+04
-5.406776472299452871e+04
-5.620653678614916862e+04
-5.842454451186713413e+04
-6.072461476681225031e+04
-6.310967749256554816e+04
-6.558276990253296390e+04
-6.814704088382462214e+04
-7.080575561672600452e+04
-7.356230042432351911e+04
-7.642018786673559225e+04
-7.938306209494618815e+04
-8.245470448020704498e+04
-8.563903953626360453e+04
-8.894014115354539535e+04
-9.236223916477191960e+04
-9.590972626408083306e+04
-9.958716530243224406e+04
-1.033992969848231296e+05
-1.073510479963298858e+05
-1.114475395857956464e+05
-1.156940966393090930e+05
-1.200962572774510627e+05
-1.246597830133995594e+05
-1.293906695120039512e+05
-1.342951579934526235e+05
-1.393797473290875496e+05
-1.446512068807330506e+05
-1.501165901388909260e+05
-1.557832492224413145e+05
-1.616588503047436825e+05
-1.677513900398342521e+05
-1.740692130681116832e+05
-1.806210306878932461e+05
-1.874159407886406698e+05
-1.944634491507859493e+05
-2.017734922259167652e+05
-2.093564615241371212e+05
-2.172232297482170397e+05
-2.253851788267968514e+05
-2.338542300164512999e+05
-2.426428762602445495e+05
-2.517642170096225163e+05
-2.612319957393523073e+05
-2.710606404119095532e+05
-2.812653071747618378e+05
-2.918619276072921930e+05
-3.028672598722644616e+05
-3.142989441653292160e+05
-3.261755629076782498e+05
-3.385167061782017117e+05
-3.513430429454196128e+05
-3.646763987296765554e+05
-3.785398404066089424e+05
-3.929577689604032203e+05
-4.079560211002264405e+05
-4.235619807772015920e+05
-4.398047017928219284e+05
-4.567150428460901603e+05
-4.743258165761736454e+05
-4.926719543801083346e+05
-5.117906890580265317e+05
-5.317217576607812662e+05
-5.525076272837124998e+05
-5.741937470089128474e+05
-5.968288297169513535e+05
-6.204651681398673682e+05
-6.451589902746035950e+05
-6.709708602118670242e+05
-6.979661315353733953e+05
-7.262154618115542689e+05
-7.557953983385172905e+05
-7.867890473615415394e+05
-8.192868414769980591e+05
-8.533874230661561014e+05
-8.891986655193506740e+05
-9.268388589117494412e+05
-9.664380930408101995e+05
-1.008139878678841284e+06
-1.052103058139340254e+06
-1.098504069525206229e+06
-1.147539646412078757e+06
-1.199430057683197316e+06
-1.254423022881447570e+06
-1.312798479807075812e+06
-1.374874437600415666e+06
-1.441014226674100617e+06
-1.511635566493245307e+06
-1.587222028339216951e+06
-1.668337696261482080e+06
-1.755646162963898620e+06
-1.849935499320571776e+06
-1.952151609100184171e+06
-2.063443600713615539e+06
-2.185226790151626337e+06
-2.319272275366931688e+06
-2.467837814009018708e+06
-2.633865264332641382e+06
-2.821289978262210730e+06
-3.035548414363408927e+06
-3.284459578751175199e+06
-3.579869889412316494e+06
-3.941027952006134205e+06
-4.402481131114929914e+06
-5.036582614346052520e+06
-6.043881644653745927e+06
-8.665938472427984700e+06
nan
nan
nan
nan
nan
nan
nan
nan
nan
nan
nan
nan
nan
nan
nan
nan
nan
nan
nan
nan
nan
nan
nan
nan
nan
nan
nan
nan
nan
nan
nan
nan
nan
nan
nan
nan
nan
nan
nan
nan
nan
nan
nan
nan
nan
nan
nan
nan
nan
nan
nan
nan
nan
nan
nan
nan
nan
nan
nan
nan
nan
nan
nan
nan
nan
nan
nan
nan
nan
nan
nan
nan
nan
nan
nan
nan
nan
nan
nan
nan
