7.486050459249697861e-06
7.695791670695988903e-06
7.911644718176180728e-06
8.133695686230248505e-06
8.361647683260890363e-06
8.596087845835910147e-06
8.837226342474074084e-06
9.085155892458539109e-06
9.339853985445300026e-06
9.601942571108490389e-06
9.871182131925903693e-06
1.014798142689538438e-05
1.043265530425749520e-05
1.072516802157703375e-05
1.102589779743369878e-05
1.133513983827048896e-05
1.165310443733145858e-05
1.197967686818437048e-05
1.231567590319449404e-05
1.266109930820362950e-05
1.301613728757775528e-05
1.338117075184998929e-05
1.375653674326094322e-05
1.414227051888806840e-05
1.453887604258838462e-05
1.494682236070154275e-05
1.536579482233308848e-05
1.579672216761221544e-05
1.623975775882627578e-05
1.669530358872876337e-05
1.716350792277563804e-05
1.764477773145205368e-05
1.813978392554122142e-05
1.864846758549974678e-05
1.917129796369911057e-05
1.970903236659445152e-05
2.026172498314583452e-05
2.082997734601372725e-05
2.141420575050882941e-05
2.201464710262016880e-05
2.263211638590375212e-05
2.326676557422583720e-05
2.391934989123599236e-05
2.459022493784769256e-05
2.527986903165018587e-05
2.598888579704991601e-05
2.671751604731085249e-05
2.746690793872506547e-05
2.823711121358983493e-05
2.902910278196473522e-05
2.984329102861469547e-05
3.068028055223114995e-05
3.154063805985120387e-05
3.242514666709294215e-05
3.333458050431502398e-05
3.426920383750228365e-05
3.523030224057613330e-05
3.621843342240613098e-05
3.723419372322488326e-05
3.827849297189269263e-05
3.935180586532810530e-05
4.045545346763523901e-05
4.159010581499681997e-05
4.275655490324400932e-05
4.395548351605307793e-05
4.518823351658779561e-05
4.645557002390400243e-05
4.775845069410583453e-05
4.909780315761338120e-05
5.047452978824906939e-05
5.189030323446795762e-05
5.334555133916620760e-05
5.484151540392033356e-05
5.637950071397801460e-05
5.796065555944560283e-05
5.958624794382034339e-05
6.125717850226938908e-05
6.297502322059345679e-05
6.474129784567436209e-05
6.655698000763182634e-05
6.842354805978056087e-05
7.034224900908787024e-05
7.231513989470546744e-05
7.434309635592347364e-05
7.642811730127640644e-05
7.857133507022024440e-05
8.077506692594094303e-05
8.304032554726445696e-05
8.536912299918799881e-05
8.776324831504149558e-05
9.022454826258135326e-05
9.275471995067602077e-05
9.535610083370836684e-05
9.803019693100894333e-05
1.007794894195101056e-04
1.036059557808334742e-04
1.065113786570779666e-04
1.094983828504797132e-04
1.125692284882906784e-04
1.157263615097841539e-04
1.189717022438901506e-04
1.223082066276240094e-04
1.257384066893158176e-04
1.292647108732861269e-04
1.328897127801905776e-04
1.366167476475675484e-04
1.404479321572832254e-04
1.443867437702223144e-04
1.484360641533613882e-04
1.525987417824522401e-04
1.568784112316223747e-04
1.612780482792501417e-04
1.658010441077202774e-04
1.704507641461685923e-04
1.752308757121727944e-04
1.801451653350899561e-04
1.851973624959765772e-04
1.903909624251398256e-04
1.957303139628630028e-04
2.012194347771678398e-04
2.068626072497300593e-04
2.126639495900190099e-04
2.186280156949799104e-04
2.247593759499146937e-04
2.310624583467053752e-04
2.375423994535854266e-04
2.442041367883209402e-04
2.510527570384044386e-04
2.580933503192760670e-04
2.653313666347270790e-04
2.727724733816212928e-04
2.804221640911567929e-04
2.882863757186008820e-04
2.963711049233386523e-04
3.046825308568852186e-04
3.132271381982543418e-04
3.220113413078422087e-04
3.310418707165706936e-04
3.403256572389360096e-04
3.498699719281181679e-04
3.596818087696619063e-04
3.697687958283471521e-04
3.801385889066775719e-04
3.907992750430330504e-04
4.017587860262829052e-04
4.130258083291861080e-04
4.246087065158579547e-04
4.365164396078121409e-04
4.487579939187012344e-04
4.613430695482483631e-04
4.742807540949578568e-04
4.875814888455541575e-04
5.012552444650494789e-04
5.153124914840206657e-04
5.297636484642958676e-04
5.446203141436948897e-04
5.598937225721005700e-04
5.755952295807829130e-04
5.917370472944554101e-04
6.083314850272233953e-04
6.253914494775900113e-04
6.429296915440931319e-04
6.609598310290474687e-04
6.794956163771680678e-04
6.985509522830915053e-04
7.181409449581589548e-04
7.382799295234824871e-04
7.589840353076546774e-04
7.802684841553720208e-04
8.021499172189389777e-04
8.246449671985754898e-04
8.477708449609455818e-04
8.715449354979119129e-04
8.959859105786992153e-04
9.211123311289770750e-04
9.469432809353672039e-04
9.734985028571678479e-04
1.000798544429275976e-03
1.028863914081430643e-03
1.057716255696874259e-03
1.087377776163949350e-03
1.117871190095782313e-03
1.149219420933959715e-03
1.181446578341208966e-03
1.214577691627576929e-03
1.248637684466972174e-03
1.283652914671716766e-03
1.319649669216761429e-03
1.356655974151583849e-03
1.394700137962954448e-03
1.433810815942729603e-03
1.474018102486507244e-03
1.515352886263258937e-03
1.557846705736018987e-03
1.601532144613206522e-03
1.646442225272815073e-03
1.692611847248806384e-03
1.740075956024397233e-03
1.788870767066156383e-03
1.839033746145816474e-03
1.890603348686689146e-03
1.943618800906451441e-03
1.998120635374912336e-03
2.054150764489308476e-03
2.111751806593998009e-03
2.170967708079219165e-03
2.231844124743272324e-03
2.294427327720690354e-03
2.358764895436937445e-03
2.424906674826447870e-03
2.492902514195572371e-03
2.562805042201217378e-03
2.634667197334024814e-03
2.708544064206213492e-03
2.784491973138594929e-03
2.862569391936203248e-03
2.942835580743210881e-03
3.025352055835103717e-03
3.110182066992274105e-03
3.197389860889083245e-03
3.287042749517177925e-03
3.379208937036880245e-03
3.473958650696742662e-03
3.571364566538432969e-03
3.671501255926877105e-03
3.774444934164406917e-03
3.880274254107977244e-03
3.989070134650546731e-03
4.100915894135898250e-03
4.215896662846848816e-03
4.334100611351483778e-03
4.455617711323472604e-03
4.580541058039734950e-03
4.708965985957765804e-03
4.840990488145694749e-03
4.976715442337683454e-03
5.116244389189748831e-03
5.259684122257832044e-03
5.407144080475127443e-03
5.558737050967248877e-03
5.714578438982335397e-03
5.874787347437753285e-03
6.039486476866567227e-03
6.208800827755649177e-03
6.382860500002169625e-03
6.561797524140005992e-03
6.745749058194569492e-03
6.934855626476322393e-03
7.129260946992383927e-03
7.329113848398708005e-03
7.534566752918534296e-03
7.745776241977342033e-03
7.962903733163394920e-03
8.186114961112095703e-03
8.415579819441548759e-03
8.651473551202860934e-03
8.893976015743661201e-03
9.143272577217226305e-03
9.399552818075605776e-03
9.663012390077182698e-03
9.933852190816180525e-03
1.021227867130517289e-02
1.049850425273220547e-02
1.079274685033915736e-02
1.109523078146015806e-02
1.140618703931785619e-02
1.172585193575525694e-02
1.205446940113761960e-02
1.239228962990985942e-02
1.273957014889679634e-02
1.309657550697847748e-02
1.346357736062032961e-02
1.384085522718687261e-02
1.422869661726553631e-02
1.462739659109127746e-02
1.503725847297271261e-02
1.545859448914914218e-02
1.589172531294650442e-02
1.633698029762458911e-02
1.679469813873125245e-02
1.726522697570912271e-02
1.774892468026485759e-02
1.824615934499217856e-02
1.875730846706362767e-02
1.928276110796800849e-02
1.982291599368408985e-02
2.037818411564411292e-02
2.094898676662184517e-02
2.153575785863164754e-02
2.213894293510698663e-02
2.275899995464378267e-02
2.339639932152847573e-02
2.405162492924513631e-02
2.472517370957440230e-02
2.541755672180798578e-02
2.612929926470796207e-02
2.686094027265811118e-02
2.761303503467527065e-02
2.838615293489460401e-02
2.918088004238737765e-02
2.999781774576142784e-02
3.083758499478822870e-02
3.170081711713169936e-02
3.258816749702250770e-02
3.350030736115217067e-02
3.443792643426849681e-02
3.540173323546342427e-02
3.639245650717333469e-02
3.741084430547738510e-02
3.845766600225524606e-02
3.953371145887340371e-02
4.063979290527915816e-02
4.177674449527418732e-02
4.294542385153713587e-02
4.414671130505083696e-02
4.538151191519322614e-02
4.665075570362272467e-02
4.795539818265130705e-02
4.929642064361332288e-02
5.067483125939484245e-02
5.209166675315606010e-02
5.354799085655120860e-02
5.504489741335366615e-02
5.658350980624902993e-02
5.816498202131403783e-02
5.979049935951963324e-02
6.146127980886489234e-02
6.317857460015186000e-02
6.494366819552467585e-02
6.675788102648791411e-02
6.862256869183554209e-02
7.053912393350031396e-02
7.250897688029638022e-02
7.453359685768597143e-02
7.661449250818540280e-02
7.875321377406985235e-02
8.095135173113930660e-02
8.321054084037880771e-02
8.553245960423869199e-02
8.791883167444673741e-02
9.037142667365016813e-02
9.289206203465234790e-02
9.548260383955348152e-02
9.814496824234159034e-02
1.008811221921876722e-01
1.036930858096143659e-01
1.065829321185994411e-01
1.095527904896167748e-01
1.126048457592339902e-01
1.157413411211464099e-01
1.189645797793372206e-01
1.222769246534440579e-01
1.256808022107346323e-01
1.291787018983464597e-01
1.327731790298278536e-01
1.364668561170092886e-01
1.402624239531310990e-01
1.441626437565917129e-01
1.481703491341617718e-01
1.522884466798225256e-01
1.565199190084710923e-01
1.608678257440745440e-01
1.653353057913017621e-01
1.699255784142968129e-01
1.746419459378889261e-01
1.794877953660537484e-01
1.844666002199880916e-01
1.895819223956145827e-01
1.948374141091905321e-01
2.002368202302755862e-01
2.057839805546335388e-01
2.114828305721130342e-01
2.173374053304866216e-01
2.233518398958112827e-01
2.295303727814242967e-01
2.358773473729798287e-01
2.423972139390756508e-01
2.490945325425456824e-01
2.559739749213601478e-01
2.630403261567748063e-01
2.702984879796244133e-01
2.777534800050626695e-01
2.854104422588341072e-01
2.932746380621301108e-01
3.013514553522789186e-01
3.096464092908900456e-01
3.181651447394180376e-01
3.269134384417877182e-01
3.358972007579263952e-01
3.451224780445572016e-01
3.545954552879765909e-01
3.643224575670048759e-01
3.743099529878253229e-01
3.845645536398873965e-01
3.950930184979792315e-01
4.059022548171091760e-01
4.169993204328345526e-01
4.283914253141264949e-01
4.400859329670230302e-01
4.520903631186988791e-01
4.644123922329740917e-01
4.770598550538701077e-01
4.900407462656442559e-01
5.033632216751557920e-01
5.170355990408295188e-01
5.310663584502961498e-01
5.454641439021414850e-01
5.602377629469291742e-01
5.753961881139866286e-01
5.909485551887664334e-01
6.069041645892575554e-01
6.232724801918777535e-01
6.400631283003616057e-01
6.572858974322687287e-01
6.749507358399071677e-01
6.930677506925363440e-01
7.116472048649075122e-01
7.306995160261271494e-01
7.502352514265596684e-01
7.702651264088017369e-01
7.907999985120245379e-01
8.118508649388552767e-01
8.334288555557219924e-01
8.555452279127377935e-01
8.782113612574459216e-01
9.014387484937458339e-01
9.252389880918135967e-01
9.496237766762547494e-01
9.746048982876189815e-01
1.000194213543019961e+00
1.026403649480271962e+00
1.053245185572296405e+00
1.080730840922403901e+00
1.108872658924991761e+00
1.137682691650847344e+00
1.167172981737351289e+00
1.197355544339899991e+00
1.228242345897438303e+00
1.259845282810996281e+00
1.292176157786087520e+00
1.325246653930594487e+00
1.359068308445472884e+00
1.393652481900864881e+00
1.429010328027024324e+00
1.465152760043255675e+00
1.502090413612705566e+00
1.539833609573166173e+00
1.578392311745561161e+00
1.617776084211424159e+00
1.657994043166494791e+00
1.699054806986544541e+00
1.740966444642058297e+00
1.783736416557721638e+00
1.827371515653162470e+00
1.871877803116133387e+00
1.917260539392308560e+00
1.963524111786569826e+00
2.010671957334704718e+00
2.058706481440652603e+00
2.107628969856420564e+00
2.157439497338446088e+00
2.208136829823616143e+00
2.259718320421507443e+00
2.312179800381118255e+00
2.365515461782306872e+00
2.419717735972172434e+00
2.474777162441241352e+00
2.530682250888522056e+00
2.587419337044782885e+00
2.644972427729756159e+00
2.703323037863715417e+00
2.762450020857178945e+00
2.822329385010014846e+00
2.882934103581393348e+00
2.944233913061486518e+00
3.006195098619485861e+00
3.068780271972829432e+00
3.131948132321997758e+00
3.195653218095018122e+00
3.259845644462140868e+00
3.324470824806101898e+00
3.389469181296609346e+00
3.454775836002740075e+00
3.520320289423728433e+00
3.586026079621353446e+00
3.651810425158035223e+00
3.717583849572547727e+00
3.783249785627361916e+00
3.848704160166262156e+00
3.913834957377507529e+00
3.978521760979893518e+00
4.042635272732448826e+00
4.106036806171414533e+00
4.168577756084475006e+00
4.230099042485150562e+00
4.290430524875211482e+00
4.349390390455144306e+00
4.406784510647410613e+00
4.462405767323474493e+00
4.516033346211903776e+00
4.567431996295814756e+00
4.616351254801647208e+00
4.662524633249820027e+00
4.705668768059115159e+00
4.745482527492280944e+00
4.781646080132806453e+00
4.813819918266904807e+00
4.841643836171658499e+00
4.864735861090498048e+00
4.882691135753066902e+00
4.895080749148288390e+00
4.901450514659918767e+00
4.901319692274844542e+00
4.894179654181090910e+00
4.879492489195867755e+00
4.856689546224973952e+00
4.825169911703468095e+00
4.784298821797529300e+00
4.733406002281484781e+00
4.671783937448264368e+00
4.598686063129563628e+00
4.513324880948653473e+00
4.414869991756161127e+00
4.302446044186421403e+00
4.175130596177854869e+00
4.031951883431275085e+00
3.871886496318331261e+00
3.693856957050833500e+00
3.496729194460445278e+00
3.279309914896935574e+00
3.040343862435285871e+00
2.778510967401479625e+00
2.492423374579658457e+00
2.180622352094212957e+00
1.841575072530303947e+00
1.473671263437191126e+00
1.075219722703099956e+00
6.444446924845943503e-01
1.794820886554451267e-01
-3.216244217927419768e-01
-8.609274974293303906e-01
-1.440580363136909625e+00
-2.062841215726543886e+00
-2.730077804664645669e+00
-3.444772190936875145e+00
-4.209525690654259300e+00
-5.027064012788185821e+00
-5.900242593336781916e+00
-6.832052135437367113e+00
-7.825624361571169807e+00
-8.884237986750925131e+00
-1.001132491702868599e+01
-1.121047668397360830e+01
-1.248545112169523286e+01
-1.384017929517490053e+01
-1.527877268671095123e+01
-1.680553065259840650e+01
-1.842494815643213713e+01
-2.014172378710149403e+01
-2.196076807557641075e+01
-2.388721211498062047e+01
-2.592641649865480247e+01
-2.808398058354959304e+01
-3.036575209176839607e+01
-3.277783705872836606e+01
-3.532661014355527129e+01
-3.801872530972656961e+01
-4.086112688924182379e+01
-4.386106104474986012e+01
-4.702608763944254378e+01
-5.036409253057269098e+01
-5.388330029985246483e+01
-5.759228743335553702e+01
-6.149999596837403715e+01
-6.561574761983411008e+01
-6.994925840279304907e+01
-7.451065376849797417e+01
-7.931048426689827124e+01
-8.435974175811655584e+01
-8.966987618547015870e+01
-9.525281293034990426e+01
-1.011209707696407918e+02
-1.072872804518741106e+02
-1.137652039131671415e+02
-1.205687541551489943e+02
-1.277125158054119254e+02
-1.352116663805616099e+02
-1.430819982772866581e+02
-1.513399415151041012e+02
-1.600025872510850888e+02
-1.690877120973375156e+02
-1.786138032613142173e+02
-1.886000845410018769e+02
-1.990665431983646840e+02
-2.100339577408840057e+02
-2.215239266417603119e+02
-2.335588980271108426e+02
-2.461622003628420146e+02
-2.593580741734235175e+02
-2.731717048237356380e+02
-2.876292564024720377e+02
-3.027579067398492612e+02
-3.185858835950637058e+02
-3.351425020566122726e+02
-3.524582031875387429e+02
-3.705645939631240253e+02
-3.894944885370717884e+02
-4.092819508826849528e+02
-4.299623388519257219e+02
-4.515723496991428192e+02
-4.741500671173218961e+02
-4.977350098324382657e+02
-5.223681818120081743e+02
-5.480921241354855056e+02
-5.749509685820847835e+02
-6.029904929919308643e+02
-6.322581784573461618e+02
-6.628032684033421447e+02
-6.946768296194710501e+02
-7.279318153054930463e+02
-7.626231301961734061e+02
-7.988076978328101632e+02
-8.365445300498868164e+02
-8.758947987515167597e+02
-9.169219100478511564e+02
-9.596915808307852558e+02
-1.004271917867816342e+03
-1.050733499492905821e+03
-1.099149459982679446e+03
-1.149595576702223298e+03
-1.202150360110234942e+03
-1.256895146717352645e+03
-1.313914195093751005e+03
-1.373294785023166696e+03
-1.435127319907020365e+03
-1.499505432525573042e+03
-1.566526094258969579e+03
-1.636289727890371523e+03
-1.708900324100448870e+03
-1.784465561772839692e+03
-1.863096932243904575e+03
-1.944909867612185735e+03
-2.030023873252114527e+03
-2.118562664661833878e+03
-2.210654308789582046e+03
-2.306431369987612925e+03
-2.406031060738554061e+03
-2.509595397321179917e+03
-2.617271360567541251e+03
-2.729211061886119296e+03
-2.845571914723736882e+03
-2.966516811645892631e+03
-3.092214307211768755e+03
-3.222838806861848752e+03
-3.358570761982875865e+03
-3.499596871387825558e+03
-3.646110289406636184e+03
-3.798310840810536774e+03
-3.956405242806720707e+03
-4.120607334336241365e+03
-4.291138312919143573e+03
-4.468226979307421971e+03
-4.652109990199421190e+03
-4.843032119312664690e+03
-5.041246527067228271e+03
-5.247015039198992781e+03
-5.460608434606492665e+03
-5.682306742732213024e+03
-5.912399550830025873e+03
-6.151186321437092374e+03
-6.398976720428089720e+03
-6.656090956010981245e+03
-6.922860129030551434e+03
-7.199626595015429302e+03
-7.486744338342966330e+03
-7.784579358974678144e+03
-8.093510072209557620e+03
-8.413927721897996889e+03
-8.746236807637091260e+03
-9.090855526407471189e+03
-9.448216229221676258e+03
-9.818765893277932264e+03
-1.020296661022993248e+04
-1.060129609116462780e+04
-1.101424818884639899e+04
-1.144233343795549990e+04
-1.188607961393020014e+04
-1.234603231113374386e+04
-1.282275554106448908e+04
-1.331683235139246426e+04
-1.382886546660389104e+04
-1.435947795105839396e+04
-1.490931389541092722e+04
-1.547903912717244930e+04
-1.606934194650388417e+04
-1.668093388811978366e+04
-1.731455051041045954e+04
-1.797095221283274441e+04
-1.865092508274049760e+04
-1.935528177279938609e+04
-2.008486241029094526e+04
-2.084053553961867510e+04
-2.162319909926365290e+04
-2.243378143487275156e+04
-2.327324234976981825e+04
-2.414257419459169614e+04
-2.504280299768528494e+04
-2.597498963811226713e+04
-2.694023106292815646e+04
-2.793966155088637606e+04
-2.897445402449378889e+04
-3.004582141260159915e+04
-3.115501806580591438e+04
-3.230334122709817166e+04
-3.349213256019718392e+04
-3.472277973837410536e+04
-3.599671809644147288e+04
-3.731543234897604270e+04
-3.868045837786279299e+04
-4.009338509260943829e+04
-4.155585636666508071e+04
-4.306957305395375442e+04
-4.463629508891158184e+04
-4.625784367487248528e+04
-4.793610356479171605e+04
-4.967302543907330983e+04
-5.147062838572646433e+04
-5.333100248776622902e+04
-5.525631152385628957e+04
-5.724879578784572368e+04
-5.931077503393409279e+04
-6.144465155368469277e+04
-6.365291339279454405e+04
-6.593813771455013193e+04
-6.830299431888670370e+04
-7.075024932515106048e+04
-7.328276902818765666e+04
-7.590352393787924666e+04
-7.861559301244496601e+04
-8.142216809690283844e+04
-8.432655857926452882e+04
-8.733219627683074214e+04
-9.044264056760699896e+04
-9.366158378034109774e+04
-9.699285686092734977e+04
-1.004404353311169398e+05
-1.040084455589438148e+05
-1.077011713603195967e+05
-1.115230609537269193e+05
-1.154787342907660786e+05
-1.195729907879617676e+05
-1.238108174863684253e+05
-1.281973976681538334e+05
-1.327381199622203421e+05
-1.374385879715847550e+05
-1.423046304610557563e+05
-1.473423121433360211e+05
-1.525579451085386099e+05
-1.579581009427073877e+05
-1.635496235878042353e+05
-1.693396429972610786e+05
-1.753355896492075117e+05
-1.815452099822188320e+05
-1.879765828263860021e+05
-1.946381369074718386e+05
-2.015386695121731318e+05
-2.086873664059765579e+05
-2.160938231103572180e+05
-2.237680676492898201e+05
-2.317205848932415538e+05
-2.399623426351470698e+05
-2.485048195517645217e+05
-2.573600352163026982e+05
-2.665405823469615425e+05
-2.760596614964710316e+05
-2.859311184079832747e+05
-2.961694842893003370e+05
-3.067900192854767665e+05
-3.178087594585189945e+05
-3.292425676261271583e+05
-3.411091884413483203e+05
-3.534273081532254000e+05
-3.662166195327224559e+05
-3.794978925101284403e+05
-3.932930511456658132e+05
-4.076252576218490722e+05
-4.225190040500094183e+05
-4.380002129799959366e+05
-4.540963476240661112e+05
-4.708365329507720307e+05
-4.882516889602605370e+05
-5.063746776508319308e+05
-5.252404653992459644e+05
-5.448863027438378194e+05
-5.653519238624407444e+05
-5.866797683974863030e+05
-6.089152287069278536e+05
-6.321069261281646322e+05
-6.563070204474997008e+05
-6.815715574880379718e+05
-7.079608606052873656e+05
-7.355399729312829440e+05
-7.643791584794085938e+05
-7.945544717896122020e+05
-8.261484076953160111e+05
-8.592506451444729464e+05
-8.939589019320205553e+05
-9.303799208208901109e+05
-9.686306120996269165e+05
-1.008839383372988668e+06
-1.051147694708658382e+06
-1.095711886644227663e+06
-1.142705340677382424e+06
-1.192321047659394797e+06
-1.244774680271671386e+06
-1.300308293331663124e+06
-1.359194812690648483e+06
-1.421743523678814759e+06
-1.488306839067881927e+06
-1.559288722608557437e+06
-1.635155279934408143e+06
-1.716448223525369773e+06
-1.803802203028732911e+06
-1.897967416133310413e+06
-1.999839559839897091e+06
-2.110500186212624423e+06
-2.231272133078066166e+06
-2.363797348608297296e+06
-2.510148947890413459e+06
-2.672997362835322972e+06
-2.855865364824100863e+06
-3.063536036648229696e+06
-3.302739220144288614e+06
-3.583381725070968270e+06
-3.920938752914054319e+06
-4.341639557122618891e+06
-4.895615272536282428e+06
-5.699604430818270892e+06
-7.162748279499880038e+06
nan
nan
nan
nan
nan
nan
nan
nan
nan
nan
nan
nan
nan
nan
nan
nan
nan
nan
nan
nan
nan
nan
nan
nan
nan
nan
nan
nan
nan
nan
nan
nan
nan
nan
nan
nan
nan
nan
nan
nan
nan
nan
nan
nan
nan
nan
nan
nan
nan
nan
nan
nan
nan
nan
nan
nan
nan
nan
nan
nan
nan
nan
nan
nan
nan
nan
nan
nan
nan
nan
nan
nan
nan
nan
nan
nan
nan
nan
nan
nan
nan
nan
nan
nan
nan
nan
nan
nan
nan
nan
nan
nan
nan
nan
nan
nan
nan
nan
nan
nan
nan
nan
nan
nan
nan
nan
nan
nan
nan
nan
nan
nan
nan
nan
nan
nan
nan
nan
nan
nan
nan
nan
nan
nan
nan
nan
nan
nan
nan
nan
nan
nan
nan
nan
nan
nan
nan
nan
nan
nan
nan
nan
nan
nan
nan
nan
nan
nan
nan
nan
nan
nan
nan
nan
nan
nan
nan
nan
nan
nan
nan
