1.290681467335647805e-06
1.326764217721884307e-06
1.364006997410572389e-06
1.402449717126988815e-06
1.441652580645833860e-06
1.482200714120164561e-06
1.523702477475917853e-06
1.566288500636287487e-06
1.610369851425756745e-06
1.655624956165752678e-06
1.702012298033475698e-06
1.749768408241957634e-06
1.798655300017652681e-06
1.849215881271280220e-06
1.901019058801728949e-06
1.954417247791761367e-06
2.009039094354146902e-06
2.065551277619332217e-06
2.123396156043311654e-06
2.183055449805990783e-06
2.244292294777484393e-06
2.307154422947103282e-06
2.371728006882183798e-06
2.438390680010218490e-06
2.506797851254640776e-06
2.577155320807803669e-06
2.649198882622903741e-06
2.723720501336518148e-06
2.800040363125395040e-06
2.878533077139031220e-06
2.959364350514759764e-06
3.042246123818388820e-06
3.127440143136897406e-06
3.215259130658246377e-06
3.305562893546676044e-06
3.398264578266703333e-06
3.493329288626107715e-06
3.591535732490288783e-06
3.692207908690344856e-06
3.795735097038861953e-06
3.902063452456578993e-06
4.011454159431010058e-06
4.123979184891091060e-06
4.239775658315132729e-06
4.358546440770802284e-06
4.480816574512194607e-06
4.606430847275342715e-06
4.735805641558880032e-06
4.868429447414831459e-06
5.005128125102619742e-06
5.145542784997982998e-06
5.289651729760594148e-06
5.438021811228818213e-06
5.590549685775063746e-06
5.747471581897715758e-06
5.908612858977009635e-06
6.074147287418991740e-06
6.244592310738242315e-06
6.419809667811619719e-06
6.599766887088382548e-06
6.784784593211593219e-06
6.975041955740967447e-06
7.170828693336236319e-06
7.371791540490125978e-06
7.578704620783614947e-06
7.791198002201439043e-06
8.009535485139366573e-06
8.234357108980540734e-06
8.465176179238547300e-06
8.702645519454735529e-06
8.946803576549201649e-06
9.197576380905706192e-06
9.455541634441006410e-06
9.720673648833508447e-06
9.993349230379939765e-06
1.027360482449542355e-05
1.056163520298498436e-05
1.085780833017086431e-05
1.116240891936945958e-05
1.147539856848065664e-05
1.179717169426908153e-05
1.212805788256707106e-05
1.246832917520743855e-05
1.281795271737531038e-05
1.317734830626270190e-05
1.354689613384620805e-05
1.392694120958311474e-05
1.431754267161234386e-05
1.471898944366588219e-05
1.513180476414348276e-05
1.555624873044557721e-05
1.599232504170974655e-05
1.644104680515282260e-05
1.690192549646666779e-05
1.737600138637604102e-05
1.786333335331929489e-05
1.836426105031482058e-05
1.887942016557362873e-05
1.940873427465609712e-05
1.995319554970912632e-05
2.051259975281467869e-05
2.108782837640858874e-05
2.167933750613528006e-05
2.228742749479565135e-05
2.291250016406782338e-05
2.355482042703418272e-05
2.421552859108151053e-05
2.489464007181826330e-05
2.559281785830092135e-05
2.631062996208915718e-05
2.704830595169467963e-05
2.780700783730782899e-05
2.858683253142445244e-05
2.938857870031018977e-05
3.021276219281215878e-05
3.106012351058022613e-05
3.193114328971622962e-05
3.282655841794887206e-05
3.374712460826818959e-05
3.469362739517016693e-05
3.566665216126614602e-05
3.666684727906829400e-05
3.769519272704054146e-05
3.875225681659384041e-05
3.983923139921131159e-05
4.095642369147360770e-05
4.210504797777606676e-05
4.328572829243602563e-05
4.449977952988132100e-05
4.574770749376387877e-05
4.703075109860161768e-05
4.834963596296381694e-05
4.970560473894534108e-05
5.109968283725534654e-05
5.253270211326832703e-05
5.400607947651121234e-05
5.552057568835967803e-05
5.707758668981394103e-05
5.867840676124008378e-05
6.032400444560490895e-05
6.201580556912515447e-05
6.375496126181697117e-05
6.554288129391640108e-05
6.738101194152206874e-05
6.927061120450781493e-05
7.121328445170083858e-05
7.321050612872980021e-05
7.526366231110250124e-05
7.737432376315057491e-05
7.954428790650607255e-05
8.177510308523695663e-05
8.406836226965726103e-05
8.642623814302240757e-05
8.885001102446834392e-05
9.134162082155207636e-05
9.390319962034382657e-05
9.653686183940287508e-05
9.924399126116883573e-05
1.020272992861781199e-04
1.048886002937793143e-04
1.078301177357106962e-04
1.108542794397293104e-04
1.139632627483278758e-04
1.171592931283786605e-04
1.204449478066858792e-04
1.238227074654125819e-04
1.272952575014199062e-04
1.308650439275495063e-04
1.345353290112054584e-04
1.383082493588657681e-04
1.421868745372190470e-04
1.461745257373976269e-04
1.502738239882906335e-04
1.544882727593064763e-04
1.588208077434921834e-04
1.632748751019435824e-04
1.678537513409658773e-04
1.725611146238997307e-04
1.774006163049334135e-04
1.823757084373472525e-04
1.874902230115596405e-04
1.927482096874153449e-04
1.981537540076577818e-04
2.037108259561938876e-04
2.094238619594774307e-04
2.152971036368158265e-04
2.213349432829674480e-04
2.275420200297375098e-04
2.339233194110038072e-04
2.404835158431056113e-04
2.472278353429118499e-04
2.541611565595513827e-04
2.612888716038465342e-04
2.686165032017177661e-04
2.761498126746578761e-04
2.838941726484696610e-04
2.918556921278752932e-04
3.000405849882278961e-04
3.084550601674034085e-04
3.171054401388921098e-04
3.259983110467763127e-04
3.351406578358978356e-04
3.445395064892830660e-04
3.542015699084776750e-04
3.641349159838662376e-04
3.743468543724127258e-04
3.848451091830357466e-04
3.956377341088242465e-04
4.067330284369281021e-04
4.181392163473409101e-04
4.298656290568483645e-04
4.419208835135560957e-04
4.543140739061803709e-04
4.670547214867867142e-04
4.801527258108872695e-04
4.936180706621352441e-04
5.074610293656648058e-04
5.216923960300909151e-04
5.363224471598225084e-04
5.513629380579942486e-04
5.668253279275341618e-04
5.827212747402621363e-04
5.990628933668291130e-04
6.158627587076495559e-04
6.331339257102270310e-04
6.508891908319450626e-04
6.691426398326038487e-04
6.879076646695125429e-04
7.071990343524057294e-04
7.270314285919133148e-04
7.474197613474989690e-04
7.683800022671231607e-04
7.899280060250055439e-04
8.120803517745733011e-04
8.348536926724311157e-04
8.582658728911858560e-04
8.823342826185042549e-04
9.070777570699823907e-04
9.325152015504532734e-04
9.586657463471476423e-04
9.855496699053202959e-04
1.013187308388123660e-03
1.041600259520785452e-03
1.070809809918921900e-03
1.100838163358390000e-03
1.131708913276608568e-03
1.163445019562101869e-03
1.196071325647162821e-03
1.229612305491260913e-03
1.264093861233060766e-03
1.299542102928895977e-03
1.335984420573138078e-03
1.373448803492221528e-03
1.411963428802056600e-03
1.451558025779862548e-03
1.492263002807163973e-03
1.534109331147309524e-03
1.577128710786238151e-03
1.621354507690325958e-03
1.666820439634103491e-03
1.713561299895667491e-03
1.761612443675184556e-03
1.811011055016245423e-03
1.861794665218908119e-03
1.914001960013618324e-03
1.967673361651185206e-03
2.022849358864894573e-03
2.079572651556658904e-03
2.137886020996095787e-03
2.197834524727302480e-03
2.259463928710710948e-03
2.322820931326659635e-03
2.387954424888206507e-03
2.454914014423585037e-03
2.523751074963730395e-03
2.594517844534646386e-03
2.667268538143549236e-03
2.742059002390293508e-03
2.818946136525346709e-03
2.897988867289632252e-03
2.979247640926122476e-03
3.062784458481451842e-03
3.148662945767518543e-03
3.236949214199050674e-03
3.327710242758307596e-03
3.421015576485314687e-03
3.516936792667356686e-03
3.615546762519526117e-03
3.716920967758875934e-03
3.821136846690460082e-03
3.928274190984511020e-03
4.038414586561909873e-03
4.151642407688524092e-03
4.268044100672578264e-03
4.387708527448247985e-03
4.510727100924648812e-03
4.637193729728074365e-03
4.767205071395989868e-03
4.900860329164479466e-03
5.038261866694783257e-03
5.179514122468292098e-03
5.324725609496803493e-03
5.474006682088926150e-03
5.627471415029942914e-03
5.785237021898659467e-03
5.947424096993982924e-03
6.114156425107284375e-03
6.285561119908619765e-03
6.461769078535382210e-03
6.642914765976738398e-03
6.829136581636995051e-03
7.020576544332994204e-03
7.217380568044462832e-03
7.419699330057156171e-03
7.627686701692167753e-03
7.841501548638945759e-03
8.061307104093142287e-03
8.287270938831001882e-03
8.519565535512980958e-03
8.758367701981897499e-03
9.003860110694632962e-03
9.256229404554108461e-03
9.515668454968638848e-03
9.782374698392522563e-03
1.005655185768771290e-02
1.033840877058797569e-02
1.062816009380413915e-02
1.092602688464113479e-02
1.123223605668478842e-02
1.154702096348275697e-02
1.187062138159647104e-02
1.220328386930483525e-02
1.254526177199582690e-02
1.289681563313025033e-02
1.325821299280228495e-02
1.362972935478480238e-02
1.401164705319770352e-02
1.440425729760245847e-02
1.480785861613129716e-02
1.522275824028102714e-02
1.564927191736806278e-02
1.608772389227599089e-02
1.653844809942885477e-02
1.700178677114952755e-02
1.747809278462135116e-02
1.796772766400591206e-02
1.847106409464953011e-02
1.898848436583954954e-02
1.952038155441856992e-02
2.006715993624414579e-02
2.062923487871486800e-02
2.120703297208831328e-02
2.180099292214644074e-02
2.241156569226796305e-02
2.303921465078672196e-02
2.368441600083145623e-02
2.434765897682110783e-02
2.502944684451200927e-02
2.573029641666962908e-02
2.645073890005979547e-02
2.719132003141249906e-02
2.795260129410060551e-02
2.873515870697214078e-02
2.953958545491395388e-02
3.036648985762657738e-02
3.121649795439879194e-02
3.209025269866745689e-02
3.298841478245079922e-02
3.391166309286266362e-02
3.486069557071589525e-02
3.583622923013912720e-02
3.683900058376413794e-02
3.786976651950032385e-02
3.892930536687023296e-02
4.001841589510331948e-02
4.113791957262450533e-02
4.228866027340015543e-02
4.347150499057323564e-02
4.468734406392826930e-02
4.593709318074727654e-02
4.722169265418985074e-02
4.854210826411109458e-02
4.989933266616569663e-02
5.129438563045415206e-02
5.272831463809538738e-02
5.420219608437575748e-02
5.571713512597110257e-02
5.727426793203552191e-02
5.887476083884708722e-02
6.051981272234960296e-02
6.221065429594570956e-02
6.394855041187834377e-02
6.573479959835872022e-02
6.757073662398647984e-02
6.945773108312544575e-02
7.139719107724298852e-02
7.339056169571447907e-02
7.543932762798052916e-02
7.754501390055021370e-02
7.970918601460183495e-02
8.193345202636291569e-02
8.421946332737149932e-02
8.656891565930066590e-02
8.898354963817947660e-02
9.146515383270688304e-02
9.401556338170818927e-02
9.663666348957165864e-02
9.933038903037745559e-02
1.020987265657131715e-01
1.049437160637379240e-01
1.078674508230319101e-01
1.108720804236146690e-01
1.139598109610932969e-01
1.171329071086278650e-01
1.203936933017107080e-01
1.237445548143261409e-01
1.271879402937992898e-01
1.307263622567238492e-01
1.343623988705585637e-01
1.380986958009282062e-01
1.419379684138696862e-01
1.458830013597355590e-01
1.499366531499463639e-01
1.541018549240484870e-01
1.583816142985743081e-01
1.627790162915356276e-01
1.672972253844541013e-01
1.719394870374972850e-01
1.767091291852700974e-01
1.816095653129389809e-01
1.866442951031221098e-01
1.918169072807718867e-01
1.971310809128500319e-01
2.025905879966883871e-01
2.081992943992871659e-01
2.139611632126737217e-01
2.198802560719274601e-01
2.259607350345439469e-01
2.322068653150465845e-01
2.386230167084272824e-01
2.452136662682578017e-01
2.519833998202928305e-01
2.589369148941641496e-01
2.660790221281281731e-01
2.734146475056705716e-01
2.809488352460910998e-01
2.886867494322777339e-01
2.966336757044609196e-01
3.047950238808318502e-01
3.131763308458971329e-01
3.217832610071901245e-01
3.306216097396757481e-01
3.396973048595056111e-01
3.490164089980887785e-01
3.585851214888660654e-01
3.684097798542441682e-01
3.784968625351712856e-01
3.888529904409083748e-01
3.994849284455059824e-01
4.103995872210744467e-01
4.216040252501975227e-01
4.331054504099531854e-01
4.449112209917071570e-01
4.570288470501338018e-01
4.694659922175837830e-01
4.822304741005838946e-01
4.953302659280781617e-01
5.087734970743436058e-01
5.225684531024045176e-01
5.367235775151353305e-01
5.512474705627629090e-01
5.661488905681524297e-01
5.814367523979196983e-01
5.971201285187098806e-01
6.132082467947066462e-01
6.297104902057025777e-01
6.466363951699797274e-01
6.639956504052655362e-01
6.817980940037168258e-01
7.000537116752090228e-01
7.187726325968798458e-01
7.379651280995412899e-01
7.576416053287619023e-01
7.778126049343749848e-01
7.984887946692339478e-01
8.196809644212542656e-01
8.414000193805672989e-01
8.636569740901084424e-01
8.864629440880902322e-01
9.098291369125712791e-01
9.337668439444490875e-01
9.582874296113601531e-01
9.834023201808673731e-01
1.009122990931922370e+00
1.035460954723598448e+00
1.062427745452854566e+00
1.090034904234772339e+00
1.118293961034987793e+00
1.147216417356630380e+00
1.176813726219087419e+00
1.207097270282071477e+00
1.238078340406867373e+00
1.269768108962132214e+00
1.302177605233865387e+00
1.335317685723808268e+00
1.369199003950913429e+00
1.403831978367918509e+00
1.439226756193106027e+00
1.475393177316306259e+00
1.512340733106681379e+00
1.550078524271992775e+00
1.588615215635674316e+00
1.627958985950394233e+00
1.668117477932200110e+00
1.709097741634308498e+00
1.750906175811497434e+00
1.793548466235608041e+00
1.837029517326368655e+00
1.881353382822878340e+00
1.926523190413676367e+00
1.972541060761816345e+00
2.019408023154119824e+00
2.067123926487432151e+00
2.115687342231256540e+00
2.165095463979824775e+00
2.215344000211022735e+00
2.266427060541098548e+00
2.318337035220311204e+00
2.371064468137945358e+00
2.424597921573579118e+00
2.478923833725492187e+00
2.534026369111311183e+00
2.589887257236257234e+00
2.646485625981436218e+00
2.703797822427784325e+00
2.761797226700909658e+00
2.820454052146716073e+00
2.879735137169950221e+00
2.939603723869975482e+00
3.000019226479907708e+00
3.060936983995469873e+00
3.122308003687185973e+00
3.184078686940672753e+00
3.246190543241133319e+00
3.308579886791033431e+00
3.371177519194672012e+00
3.433908393180896468e+00
3.496691260869699391e+00
3.559438302173118629e+00
3.622054735077418819e+00
3.684438404903941588e+00
3.746479352802321472e+00
3.808059363116957474e+00
3.869051486677098417e+00
3.929319540244716080e+00
3.988717580944161956e+00
4.047089354701986608e+00
4.104267718173347568e+00
4.160074028355963627e+00
4.214317507951729880e+00
4.266794573651853995e+00
4.317288136685689004e+00
4.365566866035891280e+00
4.411384418268879060e+00
4.454478628564942255e+00
4.494570665370376972e+00
4.531364141675259916e+00
4.564544188445896822e+00
4.593776479840201432e+00
4.618706216652129548e+00
4.638957060517205910e+00
4.654130017881761283e+00
4.663802274750445065e+00
4.667525975638804780e+00
4.664826948445157662e+00
4.655203370253516049e+00
4.638124373091450536e+00
4.613028586380103491e+00
4.579322614988608819e+00
4.536379448892743582e+00
4.483536801436862618e+00
4.420095375275035821e+00
4.345317051720869905e+00
4.258423000709278483e+00
4.158591708253769781e+00
4.044956918328480810e+00
3.916605486527658719e+00
3.772575141048390091e+00
3.611852148473778890e+00
3.433368878597527374e+00
3.236001269361974408e+00
3.018566181017580341e+00
2.779818643070092410e+00
2.518448983131127417e+00
2.233079838906495418e+00
1.922263045206384913e+00
1.584476392882102624e+00
1.218120255852276346e+00
8.215140789744961314e-01
3.928927257167145193e-01
-6.959732438773635899e-02
-5.679019295677114609e-01
-1.104063399302987358e+00
-1.680224769610035862e+00
-2.298634251477043478e+00
-2.961649851438497905e+00
-3.671744176993050779e+00
-4.431509428218879165e+00
-5.243662585309478708e+00
-6.111050797604363538e+00
-7.036656980226893232e+00
-8.023605626512551936e+00
-9.075168844385624212e+00
-1.019477262244724969e+01
-1.138600333406376741e+01
-1.265261448981036452e+01
-1.399853374123517646e+01
-1.542787015209214196e+01
-1.694492173916076894e+01
-1.855418329482081674e+01
-2.026035449976840042e+01
-2.206834833875514690e+01
-2.398329982309229180e+01
-2.601057503559806960e+01
-2.815578050690596257e+01
-3.042477293382703252e+01
-3.282366924946113329e+01
-3.535885706085976210e+01
-3.803700546108407821e+01
-4.086507623238735221e+01
-4.385033545032037239e+01
-4.700036550336435681e+01
-5.032307754040115100e+01
-5.382672436121623605e+01
-5.751991376338910555e+01
-6.141162236233345340e+01
-6.551120989501067982e+01
-6.982843403021105644e+01
-7.437346569399184659e+01
-7.915690493413200102e+01
-8.418979733505892682e+01
-8.948365100443490405e+01
-9.505045414933060499e+01
-1.009026932599292792e+02
-1.070533719213217552e+02
-1.135160302729507151e+02
-1.203047651382356804e+02
-1.274342508422949294e+02
-1.349197607443195750e+02
-1.427771895055607843e+02
-1.510230761140490188e+02
-1.596746276973189822e+02
-1.687497441403991445e+02
-1.782670435409702634e+02
-1.882458885258505177e+02
-1.987064134581968915e+02
-2.096695525621045704e+02
-2.211570689959999925e+02
-2.331915849060925439e+02
-2.457966124874489253e+02
-2.589965860926748746e+02
-2.728168954121720162e+02
-2.872839197713310568e+02
-3.024250635719093907e+02
-3.182687929203250974e+02
-3.348446734777816118e+02
-3.521834095753799829e+02
-3.703168846306541013e+02
-3.892782029132468438e+02
-4.091017326971004309e+02
-4.298231508507262788e+02
-4.514794889078277720e+02
-4.741091806672071698e+02
-4.977521113713986551e+02
-5.224496685194899328e+02
-5.482447943587322925e+02
-5.751820401175499455e+02
-6.033076220331855666e+02
-6.326694792315960285e+02
-6.633173335211887434e+02
-6.953027511605085920e+02
-7.286792066704400668e+02
-7.635021487458274123e+02
-7.998290683460321588e+02
-8.377195690305895823e+02
-8.772354396103780800e+02
-9.184407291949211185e+02
-9.614018247081746722e+02
-1.006187530959017636e+03
-1.052869153343832295e+03
-1.101520583269698136e+03
-1.152218386386211023e+03
-1.205041893717890616e+03
-1.260073295787768984e+03
-1.317397739836535493e+03
-1.377103430229806236e+03
-1.439281732163423158e+03
-1.504027278768479846e+03
-1.571438081736562935e+03
-1.641615645563906583e+03
-1.714665085549376045e+03
-1.790695249656756459e+03
-1.869818844373637603e+03
-1.952152564692757778e+03
-2.037817228354662575e+03
-2.126937914488562001e+03
-2.219644106794446543e+03
-2.316069841420347529e+03
-2.416353859679222751e+03
-2.520639765773225463e+03
-2.629076189686349608e+03
-2.741816955417095414e+03
-2.859021254721413243e+03
-2.980853826553915951e+03
-3.107485142398546941e+03
-3.239091597672062562e+03
-3.375855709410833242e+03
-3.517966320454618653e+03
-3.665618810326326638e+03
-3.819015313052006604e+03
-3.978364942132920078e+03
-4.143884022932632433e+03
-4.315796332707164765e+03
-4.494333348546801062e+03
-4.679734503495239551e+03
-4.872247451127191198e+03
-5.072128338862757118e+03
-5.279642090321867727e+03
-5.495062697035997189e+03
-5.718673519823494644e+03
-5.950767600167248020e+03
-6.191647981958129094e+03
-6.441628043924900339e+03
-6.701031843167370425e+03
-6.970194470141380407e+03
-7.249462415535308537e+03
-7.539193949429411077e+03
-7.839759513171073195e+03
-8.151542124453352699e+03
-8.474937796025455100e+03
-8.810355968551944898e+03
-9.158219958115319969e+03
-9.518967418913687652e+03
-9.893050821670052756e+03
-1.028093794837856876e+04
-1.068311240394766901e+04
-1.110007414536430406e+04
-1.153234002908381444e+04
-1.198044437723952797e+04
-1.244493956348839856e+04
-1.292639661911708208e+04
-1.342540586027562495e+04
-1.394257753711903024e+04
-1.447854250566061455e+04
-1.503395292327863535e+04
-1.560948296875026608e+04
-1.620582958784841503e+04
-1.682371326537577261e+04
-1.746387882487276147e+04
-1.812709625695001523e+04
-1.881416157747918260e+04
-1.952589771685305459e+04
-2.026315544158812554e+04
-2.102681430958340206e+04
-2.181778366042771086e+04
-2.263700364228987019e+04
-2.348544627688803303e+04
-2.436411656412360389e+04
-2.527405362820446680e+04
-2.621633190692434800e+04
-2.719206238607118212e+04
-2.820239388087069892e+04
-2.924851436667750386e+04
-3.033165236098538298e+04
-3.145307835918629644e+04
-3.261410632642922428e+04
-3.381609524826773850e+04
-3.506045074276277592e+04
-3.634862673681117303e+04
-3.768212721011889516e+04
-3.906250800945647643e+04
-4.049137873717280308e+04
-4.197040471716561296e+04
-4.350130904231406021e+04
-4.508587470738741831e+04
-4.672594683158629778e+04
-4.842343497543397098e+04
-5.018031555664223561e+04
-5.199863437031384819e+04
-5.388050921856980858e+04
-5.582813265562341985e+04
-5.784377485436356801e+04
-5.992978660086350283e+04
-6.208860242402191943e+04
-6.432274386729347316e+04
-6.663482291087038175e+04
-6.902754555238391913e+04
-7.150371555522849667e+04
-7.406623837402141362e+04
-7.671812526743313356e+04
-7.946249760944761510e+04
-8.230259141052661289e+04
-8.524176206142564479e+04
-8.828348931287101004e+04
-9.143138250565851922e+04
-9.468918606640090002e+04
-9.806078528583311709e+04
-1.015502123971136461e+05
-1.051616529731798655e+05
-1.088994526642822748e+05
-1.127681242974482302e+05
-1.167723553615584533e+05
-1.209170159044508619e+05
-1.252071668690897350e+05
-1.296480688996182143e+05
-1.342451916490474250e+05
-1.390042236241406063e+05
-1.439310826057098748e+05
-1.490319266850391577e+05
-1.543131659617277619e+05
-1.597814749515657604e+05
-1.654438057570400124e+05
-1.713074020583571983e+05
-1.773798139875828056e+05
-1.836689139547609957e+05
-1.901829134996555222e+05
-1.969303812521495565e+05
-2.039202620901450282e+05
-2.111618975926005223e+05
-2.186650478953221464e+05
-2.264399150685461937e+05
-2.344971681445364666e+05
-2.428479699390244496e+05
-2.515040058250966540e+05
-2.604775146314662998e+05
-2.697813218594117789e+05
-2.794288754315785482e+05
-2.894342842080482515e+05
-2.998123595334148849e+05
-3.105786601070009056e+05
-3.217495405019200407e+05
-3.333422036969009787e+05
-3.453747580279008253e+05
-3.578662790149632492e+05
-3.708368765770457103e+05
-3.843077682087043650e+05
-3.983013587706059334e+05
-4.128413276224810397e+05
-4.279527239309425349e+05
-4.436620710928854533e+05
-4.599974813428736525e+05
-4.769887817637083936e+05
-4.946676530960944947e+05
-5.130677829400362680e+05
-5.322250351848087739e+05
-5.521776377768972889e+05
-5.729663912695506588e+05
-5.946349009783179499e+05
-6.172298360356061021e+05
-6.408012191763023147e+05
-6.654027517450406449e+05
-6.910921792057794519e+05
-7.179317033657010179e+05
-7.459884486918702023e+05
-7.753349914745024871e+05
-8.060499623005333124e+05
-8.382187344027289655e+05
-8.719342130139877554e+05
-9.072977440936017083e+05
-9.444201647932475898e+05
-9.834230230904686032e+05
-1.024440000423414982e+06
-1.067618579340696335e+06
-1.113122008686192334e+06
-1.161131632494321791e+06
-1.211849666601403616e+06
-1.265502530583944637e+06
-1.322344874060634058e+06
-1.382664478891404578e+06
-1.446788276713468367e+06
-1.515089801417431794e+06
-1.587998508521424141e+06
-1.666011553314799210e+06
-1.749708851189052453e+06
-1.839772584765754407e+06
-1.937012835733518470e+06
-2.042401808859120589e+06
-2.157120361107678618e+06
-2.282622569885688368e+06
-2.420727461192785762e+06
-2.573752906955706887e+06
-2.744717385789859109e+06
-2.937655687425394543e+06
-3.158135933724729810e+06
-3.414155242354549468e+06
-3.717805923591042869e+06
-4.088679376259300858e+06
-4.561781151016250253e+06
-5.209866208649807610e+06
-6.231418763790552504e+06
-8.772333646101154387e+06
nan
nan
nan
nan
nan
nan
nan
nan
nan
nan
nan
nan
nan
nan
nan
nan
nan
nan
nan
nan
nan
nan
nan
nan
nan
nan
nan
nan
nan
nan
nan
nan
nan
nan
nan
nan
nan
nan
nan
nan
nan
nan
nan
nan
nan
nan
nan
nan
nan
nan
nan
nan
nan
nan
nan
nan
nan
nan
nan
nan
nan
nan
nan
nan
nan
nan
nan
nan
nan
nan
nan
nan
nan
nan
nan
nan
nan
nan
nan
nan
nan
nan
nan
nan
nan
nan
nan
nan
nan
nan
nan
nan
nan
nan
nan
nan
nan
nan
nan
