6.279330395303683755e-06
6.455662715699912046e-06
6.636591406834350822e-06
6.822712788728333279e-06
7.013988750155861845e-06
7.210771557892313328e-06
7.413044559107700629e-06
7.620932085760719002e-06
7.834703499119769418e-06
8.054274150500330236e-06
8.280214975683833993e-06
8.512499000760799061e-06
8.751260852048453932e-06
8.996549308084931040e-06
9.248836573200843234e-06
9.508266427191251950e-06
9.774910408430749985e-06
1.004902718618228741e-05
1.033081531353548005e-05
1.062066689547829038e-05
1.091842319554580422e-05
1.122463237873916287e-05
1.153955612735484604e-05
1.186317086614904070e-05
1.219567744051864535e-05
1.253775731673381282e-05
1.288933147288601617e-05
1.325080808293498179e-05
1.362259988028937124e-05
1.400462144802681411e-05
1.439730677234060274e-05
1.480111041030931262e-05
1.521626318188010245e-05
1.564303608076682189e-05
1.608174189184506713e-05
1.653275034227276154e-05
1.699623864129139785e-05
1.747296074264689466e-05
1.796299264444588386e-05
1.846675582576889088e-05
1.898451455064076321e-05
1.951714721799039873e-05
2.006439258915126804e-05
2.062712436459769876e-05
2.120560190060843351e-05
2.180023575753689362e-05
2.241159852367402870e-05
2.304018337051849988e-05
2.368641904404199925e-05
2.435068091702779515e-05
2.503355227325962777e-05
2.573559140931209034e-05
2.645733987492547958e-05
2.719933882637879039e-05
2.796214136333764229e-05
2.874633143771778500e-05
2.955252995141213095e-05
3.038142015735460986e-05
3.123324986354074367e-05
3.210937141557552136e-05
3.300972413600873330e-05
3.393563684913721354e-05
3.488731434813685561e-05
3.586562750296211100e-05
3.687137327368922036e-05
3.790554239266524984e-05
3.896858781213984106e-05
4.006145174016608189e-05
4.118482867372020342e-05
4.233994591314335453e-05
4.352732097621829971e-05
4.474804715168036613e-05
4.600306008072280634e-05
4.729316320962568762e-05
4.861955439378704561e-05
4.998309486870471498e-05
5.138483753387499797e-05
5.282581008510479410e-05
5.430728183620616090e-05
5.583029890235527887e-05
5.739620804378530112e-05
5.900568884622673152e-05
6.066053569399424165e-05
6.236168531228461715e-05
6.411075130442579826e-05
6.590855388713695465e-05
6.775716292853419833e-05
6.965716475126844170e-05
7.161072294236153388e-05
7.361909241542469271e-05
7.568366807387233279e-05
7.780627403969827562e-05
7.998820026489380044e-05
8.223149798033705326e-05
8.453776608384771954e-05
8.690844683857753444e-05
8.934587798019652657e-05
9.185157479601956348e-05
9.442753864184776818e-05
9.707580034380860297e-05
9.979822269285005003e-05
1.025970518216247574e-04
1.054742154355106854e-04
1.084321318570151150e-04
1.114732695421181123e-04
1.145994372380750292e-04
1.178133667386872211e-04
1.211172547103276986e-04
1.245140894882809288e-04
1.280059459718375296e-04
1.315958253042312899e-04
1.352864530195039411e-04
1.390806082804712975e-04
1.429809422416056925e-04
1.469908062353551706e-04
1.511130688088890893e-04
1.553509510340305886e-04
1.597078556925824182e-04
1.641866916111034056e-04
1.687912214542634868e-04
1.735251369301931800e-04
1.783914015315449047e-04
1.833943460526388550e-04
1.885377597129417944e-04
1.938249817571887485e-04
1.992607670655378643e-04
2.048491222534386041e-04
2.105939144502715489e-04
2.164999898761447994e-04
2.225717727641344959e-04
2.288136348568701106e-04
2.352305159516260508e-04
2.418275427589628151e-04
2.486093973187135787e-04
2.555817080854388664e-04
2.627494145693928134e-04
2.701181706209699533e-04
2.776934671388696049e-04
2.854812873989727570e-04
2.934874973168128840e-04
3.017182467794698791e-04
3.101796238039568939e-04
3.188785739140327039e-04
3.278212967891196519e-04
3.370149323536734422e-04
3.464664737752433474e-04
3.561829464481558764e-04
3.661718450028290895e-04
3.764410729308393017e-04
3.869981271330321260e-04
3.978513070132499562e-04
4.090089162850872855e-04
4.204794695780649330e-04
4.322716633831794660e-04
4.443943423793517860e-04
4.568572409587703725e-04
4.696697032802530768e-04
4.828411801222245569e-04
4.963822354112260677e-04
5.103030367010268032e-04
5.246143814537765132e-04
5.393269581809491007e-04
5.544518750565565878e-04
5.700012044840256252e-04
5.859867640523804292e-04
6.024204174048312889e-04
6.193148989486670650e-04
6.366831184665603218e-04
6.545387456221218522e-04
6.728947905510064380e-04
6.917657070591088546e-04
7.111659979313328774e-04
7.311100685663256705e-04
7.516136250525688820e-04
7.726922915977126180e-04
7.943617638097624474e-04
8.166392264140093660e-04
8.395412547296622402e-04
8.630857706397171685e-04
8.872904589522411173e-04
9.121737501320103907e-04
9.377550238561053195e-04
9.640538455709715118e-04
9.910899605968849242e-04
1.018884307850798521e-03
1.047458294903926826e-03
1.076833326521161151e-03
1.107032374910460080e-03
1.138078286261098642e-03
1.169994616997441141e-03
1.202806248661913383e-03
1.236537989467522899e-03
1.271215719401715084e-03
1.306865796899737758e-03
1.343515724713107871e-03
1.381193343737773015e-03
1.419927547200089141e-03
1.459748255294880366e-03
1.500685416397311680e-03
1.542770787193892051e-03
1.586036214004264266e-03
1.630514961830436052e-03
1.676241042765068802e-03
1.723249584232181128e-03
1.771576213385128544e-03
1.821257966733836383e-03
1.872333236757365779e-03
1.924840718615007489e-03
1.978820414074115765e-03
2.034314147955261932e-03
2.091364105236530498e-03
2.150013668049254034e-03
2.210308019685542063e-03
2.272293274994584278e-03
2.336016656206888961e-03
2.401527192569058011e-03
2.468874705121395542e-03
2.538110579165597531e-03
2.609288318647768733e-03
2.682461886552947074e-03
2.757687338994683872e-03
2.835022492055482707e-03
2.914526127518730567e-03
2.996259251295550156e-03
3.080284371151138876e-03
3.166665593723694706e-03
3.255469249985835402e-03
3.346763066371476886e-03
3.440616639153485420e-03
3.537102462092941036e-03
3.636293475170760021e-03
3.738266216208761903e-03
3.843098465028477618e-03
3.950869984922607096e-03
4.061663808856556465e-03
4.175564318681883498e-03
4.292658648409559095e-03
4.413036646256038656e-03
4.536789886055777633e-03
4.664013261219257869e-03
4.794803877337992445e-03
4.929262274417232220e-03
5.067490454708868663e-03
5.209595003497628427e-03
5.355683751964860143e-03
5.505869048129261902e-03
5.660265580904092451e-03
5.818991041875928860e-03
5.982167126327223895e-03
6.149918604332821510e-03
6.322373737784958182e-03
6.499664277471367546e-03
6.681925565599443166e-03
6.869297471960039529e-03
7.061922922696066245e-03
7.259949285248236406e-03
7.463527858663940480e-03
7.672814204837251351e-03
7.887968609800441455e-03
8.109155371719379071e-03
8.336543492716645340e-03
8.570306957501232573e-03
8.810624394434562676e-03
9.057679356366116208e-03
9.311660988920604509e-03
9.572763311230742325e-03
9.841185895319981905e-03
1.011713368037777359e-02
1.040081792890046840e-02
1.069245531940059973e-02
1.099226845808112113e-02
1.130048703465068131e-02
1.161734611970835496e-02
1.194308791470208124e-02
1.227796163147255870e-02
1.262222280987967439e-02
1.297613482235105906e-02
1.333996803625811522e-02
1.371400018313984406e-02
1.409851717180668484e-02
1.449381282969809670e-02
1.490018911411293730e-02
1.531795653413366674e-02
1.574743427385054406e-02
1.618895029656406206e-02
1.664284192502518342e-02
1.710945565178270678e-02
1.758914819935129131e-02
1.808228555671947610e-02
1.858924479493468188e-02
1.911041262236484392e-02
1.964618722318573971e-02
2.019697786239272111e-02
2.076320477369481346e-02
2.134530060205640581e-02
2.194370962319728419e-02
2.255888854199776875e-02
2.319130734735294283e-02
2.384144849205016570e-02
2.450980815847984828e-02
2.519689662536910013e-02
2.590323822357918845e-02
2.662937216882970554e-02
2.737585225536827774e-02
2.814324820100370939e-02
2.893214536807936152e-02
2.974314590484008342e-02
3.057686854567628204e-02
3.143394884006870532e-02
3.231504058012732439e-02
3.322081617926782998e-02
3.415196600321784154e-02
3.510919995061316523e-02
3.609324826848181456e-02
3.710486086227659380e-02
3.814480889738426639e-02
3.921388542099530500e-02
4.031290478082504014e-02
4.144270487834342265e-02
4.260414623141697138e-02
4.379811390157813122e-02
4.502551777776794134e-02
4.628729223282141564e-02
4.758439870311502451e-02
4.891782491432607183e-02
5.028858604385954417e-02
5.169772560751807050e-02
5.314631655166218716e-02
5.463546134802445275e-02
5.616629310327485997e-02
5.773997696513152172e-02
5.935770956660613162e-02
6.102072208321540625e-02
6.273027861564299534e-02
6.448767997698980070e-02
6.629426161018267538e-02
6.815139695951752397e-02
7.006049728122626385e-02
7.202301369315430857e-02
7.404043698005671748e-02
7.611429918829344665e-02
7.824617554622681492e-02
8.043768471697065880e-02
8.269049018781787774e-02
8.500630156746785682e-02
8.738687607883401098e-02
8.983401951399705432e-02
9.234958771735554683e-02
9.493548834622449195e-02
9.759368121844172461e-02
1.003261807832751817e-01
1.031350572418998079e-01
1.060224381126801674e-01
1.089905097910076476e-01
1.120415188697384684e-01
1.151777740507364811e-01
1.184016481543173072e-01
1.217155792981511470e-01
1.251220725172712545e-01
1.286237029132356324e-01
1.322231153173923368e-01
1.359230288543854248e-01
1.397262361034581069e-01
1.436356075266431165e-01
1.476540926102835882e-01
1.517847210967309957e-01
1.560306068493545195e-01
1.603949488802083045e-01
1.648810338923215324e-01
1.694922393811110206e-01
1.742320348365186122e-01
1.791039849189997035e-01
1.841117521149190639e-01
1.892590989812488467e-01
1.945498910432791606e-01
1.999880994070560580e-01
2.055778036737491710e-01
2.113231944823656394e-01
2.172285770155348017e-01
2.232983732807833632e-01
2.295371265357554202e-01
2.359495026506788495e-01
2.425402945451543002e-01
2.493144252553900209e-01
2.562769514942824789e-01
2.634330665336109267e-01
2.707881045403399689e-01
2.783475439329545220e-01
2.861170103854362434e-01
2.941022820824132356e-01
3.023092923359735340e-01
3.107441346764839296e-01
3.194130657801306228e-01
3.283225108787541924e-01
3.374790669813634847e-01
3.468895075786474491e-01
3.565607876968216461e-01
3.665000479117802024e-01
3.767146187439994187e-01
3.872120263238567062e-01
3.979999964388420408e-01
4.090864601588838911e-01
4.204795579006403439e-01
4.321876463897507126e-01
4.442193016099855729e-01
4.565833264994611507e-01
4.692887549720649032e-01
4.823448580072673963e-01
4.957611494632782612e-01
5.095473915398557319e-01
5.237136013605222518e-01
5.382700563361778601e-01
5.532273005391027398e-01
5.685961512781981808e-01
5.843877050989662036e-01
6.006133444114775122e-01
6.172847442363675885e-01
6.344138780370581765e-01
6.520130258902269160e-01
6.700947802059278313e-01
6.886720530383861893e-01
7.077580839664192602e-01
7.273664452947029568e-01
7.475110516422823759e-01
7.682061656408789574e-01
7.894664060739049471e-01
8.113067552007791061e-01
8.337425656189300094e-01
8.567895696852578791e-01
8.804638853159615364e-01
9.047820245032783815e-01
9.297609008756178017e-01
9.554178381468876324e-01
9.817705772845959356e-01
1.008837283786504502e+00
1.036636557183315821e+00
1.065187437358899203e+00
1.094509412618406063e+00
1.124622428412460629e+00
1.155546893799877850e+00
1.187303689685594410e+00
1.219914176159982766e+00
1.253400200446791013e+00
1.287784103138075009e+00
1.323088726438454987e+00
1.359337420648666361e+00
1.396554050865340235e+00
1.434763003417185434e+00
1.473989192802710679e+00
1.514258066637440781e+00
1.555595611920527421e+00
1.598028360687166138e+00
1.641583393831077764e+00
1.686288346472925026e+00
1.732171411184105336e+00
1.779261342212786756e+00
1.827587457333270882e+00
1.877179640434076813e+00
1.928068343315583633e+00
1.980284585558114818e+00
2.033859954692183614e+00
2.088826605897388333e+00
2.145217258400245797e+00
2.203065193623363172e+00
2.262404250326883304e+00
2.323268819264712626e+00
2.385693835931761875e+00
2.449714773195149853e+00
2.515367630157220979e+00
2.582688921643955027e+00
2.651715664349081791e+00
2.722485362199499992e+00
2.795035987901193675e+00
2.869405964299528655e+00
2.945634142691813562e+00
3.023759777482641908e+00
3.103822499874985930e+00
3.185862286972322543e+00
3.269919429674263966e+00
3.356034495408011242e+00
3.444248288050587803e+00
3.534601804908625855e+00
3.627136187947921808e+00
3.721892672343617647e+00
3.818912529926809629e+00
3.918237006856112092e+00
4.019907257145743706e+00
4.123964271491647793e+00
4.230448797402309502e+00
4.339401255360198384e+00
4.450861648927801895e+00
4.564869465042104224e+00
4.681463569124372448e+00
4.800682091611258251e+00
4.922562305304141184e+00
5.047140494931169563e+00
5.174451816313023755e+00
5.304530145149259468e+00
5.437407916028461408e+00
5.573115949624443566e+00
5.711683267019621368e+00
5.853136892673289182e+00
5.997501642656218657e+00
6.144799898237161884e+00
6.295051366291168016e+00
6.448272820727428467e+00
6.604477829131248257e+00
6.763676459667671281e+00
6.925874970363911309e+00
7.091075476169583780e+00
7.259275597043167494e+00
7.430468080842418388e+00
7.604640404512755580e+00
7.781774347735415098e+00
7.961845541549522842e+00
8.144822987352998922e+00
8.330668547016500725e+00
8.519336401071864628e+00
8.710772472546491230e+00
8.904913816975717822e+00
9.101687973770875573e+00
9.301012279288109141e+00
9.502793138584809896e+00
9.706925251615128758e+00
9.913290795508791220e+00
1.012175855638586697e+01
1.033218300993746119e+01
1.054440334957958214e+01
1.075824245482201924e+01
1.097350580126640018e+01
1.118998030568077340e+01
1.140743310610115202e+01
1.162561026950094067e+01
1.184423542631451198e+01
1.206300832621005270e+01
1.228160331268647809e+01
1.249966770899868429e+01
1.271682011509070698e+01
1.293264860671447991e+01
1.314670883583534078e+01
1.335852202249963305e+01
1.356757283593004182e+01
1.377330715957809915e+01
1.397512973112882406e+01
1.417240165328468038e+01
1.436443776853904630e+01
1.455050389150420287e+01
1.472981388917343892e+01
1.490152660578110755e+01
1.506474261995486685e+01
1.521850082891591782e+01
1.536177485028524003e+01
1.549346923282572597e+01
1.561241546586390960e+01
1.571736777823915077e+01
1.580699871701766668e+01
1.587989449569016465e+01
1.593455009803237488e+01
1.596936413057042792e+01
1.598263340795906906e+01
1.597254725929354890e+01
1.593718154606709447e+01
1.587449237116272549e+01
1.578230947315007526e+01
1.565832928379040112e+01
1.550010763852137075e+01
1.530505212108166724e+01
1.507041402898447480e+01
1.479327993914456130e+01
1.447056285751243188e+01
1.409899293641788987e+01
1.367510773647969913e+01
1.319524201671515584e+01
1.265551703112580562e+01
1.205182930946726572e+01
1.137983890229606132e+01
1.063495706635114857e+01
9.812333366473669827e+00
8.906842170405260717e+00
7.913068510908063402e+00
6.825293290642981958e+00
5.637477797810362290e+00
4.343247514342361448e+00
2.935875176515692964e+00
1.408263068637597204e+00
-2.470754866245452597e-01
-2.038035473243393625e+00
-3.972940388207924833e+00
-6.060563349024409519e+00
-8.310149135592356018e+00
-1.073143719808685681e+01
-1.333468567016797479e+01
-1.613069642497312728e+01
-1.913084121143802463e+01
-2.234708890948457594e+01
-2.579203394627007739e+01
-2.947892591400713513e+01
-3.342170043232137289e+01
-3.763501129850701687e+01
-4.213426397141266477e+01
-4.693565043362836775e+01
-5.205618548030427206e+01
-5.751374448163808495e+01
-6.332710267140097926e+01
-6.951597600623158257e+01
-7.610106365399818174e+01
-8.310409216113347952e+01
-9.054786135208158271e+01
-9.845629201889707360e+01
-1.068544754557206033e+02
-1.157687248978781156e+02
-1.252266289221530258e+02
-1.352571068734925746e+02
-1.458904663741576258e+02
-1.571584629826835169e+02
-1.690943620680278343e+02
-1.817330029609382507e+02
-1.951108654536056690e+02
-2.092661387159226933e+02
-2.242387926974908510e+02
-2.400706520904674335e+02
-2.568054729219267074e+02
-2.744890218592564111e+02
-2.931691582961978497e+02
-3.128959193067530578e+02
-3.337216075417328511e+02
-3.557008821552448694e+02
-3.788908528417264279e+02
-4.033511770743138527e+02
-4.291441606297437943e+02
-4.563348614932114629e+02
-4.849911972363070163e+02
-5.151840559634388228e+02
-5.469874109244894953e+02
-5.804784388986838621e+02
-6.157376424464383717e+02
-6.528489761450872493e+02
-6.918999769098888919e+02
-7.329818985206142088e+02
-7.761898504644361765e+02
-8.216229412208914482e+02
-8.693844261066853960e+02
-9.195818598140991753e+02
-9.723272537715934050e+02
-1.027737238463104632e+03
-1.085933230848024778e+03
-1.147041607027641930e+03
-1.211193880306324900e+03
-1.278526884807082979e+03
-1.349182964799220599e+03
-1.423310169909971137e+03
-1.501062456389001909e+03
-1.582599894607388251e+03
-1.668088882978923493e+03
-1.757702368496494046e+03
-1.851620074082916517e+03
-1.950028732968416762e+03
-2.053122330310432517e+03
-2.161102352275207068e+03
-2.274178042829736114e+03
-2.392566668469793058e+03
-2.516493791156099633e+03
-2.646193549702765722e+03
-2.781908949913217384e+03
-2.923892163728758078e+03
-3.072404837709169442e+03
-3.227718411130398636e+03
-3.390114444044910215e+03
-3.559884955627780073e+03
-3.737332773157687370e+03
-3.922771892014378409e+03
-4.116527847042655594e+03
-4.318938095716726821e+03
-4.530352413485522447e+03
-4.751133301752020088e+03
-4.981656408925183314e+03
-5.222310965024931647e+03
-5.473500230307335187e+03
-5.735641958458690169e+03
-6.009168874851508917e+03
-6.294529170444159718e+03
-6.592187011907404667e+03
-6.902623068565610083e+03
-7.226335056806020475e+03
-7.563838302616446526e+03
-7.915666322939172460e+03
-8.282371426559877364e+03
-8.664525335306185298e+03
-9.062719826342678061e+03
-9.477567396373382508e+03
-9.909701948643987635e+03
-1.035977950364834578e+04
-1.082847893446838680e+04
-1.131650272776053862e+04
-1.182457777143567364e+04
-1.235345617013332776e+04
-1.290391608957621429e+04
-1.347676263109532920e+04
-1.407282873753485183e+04
-1.469297613184820511e+04
-1.533809628981505557e+04
-1.600911144829072691e+04
-1.670697565058268083e+04
-1.743267583047009975e+04
-1.818723293666496829e+04
-1.897170309939444996e+04
-1.978717884106180281e+04
-2.063479033290511506e+04
-2.151570669971616007e+04
-2.243113737486898754e+04
-2.338233350787436939e+04
-2.437058942700537955e+04
-2.539724415941069674e+04
-2.646368301152612548e+04
-2.757133921262585500e+04
-2.872169562444650001e+04
-2.991628652024353869e+04
-3.115669943638329278e+04
-3.244457710028574002e+04
-3.378161943840637105e+04
-3.516958566814838559e+04
-3.661029647807461879e+04
-3.810563630081406882e+04
-3.965755568349713576e+04
-4.126807376070965984e+04
-4.293928083527606941e+04
-4.467334107263918850e+04
-4.647249531496450800e+04
-4.833906402121115389e+04
-5.027545034005219350e+04
-5.228414332320992253e+04
-5.436772128645940393e+04
-5.652885532716185844e+04
-5.877031300670123892e+04
-6.109496220750235807e+04
-6.350577517453204200e+04
-6.600583275233142194e+04
-6.859832882866029104e+04
-7.128657499754567107e+04
-7.407400545459054410e+04
-7.696418213865644066e+04
-7.996080013559416693e+04
-8.306769335956955911e+04
-8.628884053011141077e+04
-8.962837146304830094e+04
-9.309057369638644741e+04
-9.667989947202629992e+04
-1.004009730973216065e+05
-1.042585987115804601e+05
-1.082577684848456702e+05
-1.124036712782705581e+05
-1.167017017985074781e+05
-1.211574702795393241e+05
-1.257768127306426177e+05
-1.305658017897233367e+05
-1.355307582269009727e+05
-1.406782631452866481e+05
-1.460151709314770123e+05
-1.515486230118118401e+05
-1.572860624759030179e+05
-1.632352496348376444e+05
-1.694042785864266334e+05
-1.758015948693127430e+05
-1.824360142907682748e+05
-1.893167430268168100e+05
-1.964533990982461255e+05
-2.038560353390297096e+05
-2.115351639828529151e+05
-2.195017830096412217e+05
-2.277674044045373157e+05
-2.363440845008027682e+05
-2.452444565941983310e+05
-2.544817660384336195e+05
-2.640699080508599291e+05
-2.740234684878785629e+05
-2.843577678736434900e+05
-2.950889090016082046e+05
-3.062338284633478033e+05
-3.178103525023776456e+05
-3.298372576396675431e+05
-3.423343365657993709e+05
-3.553224698680067086e+05
-3.688237042178010452e+05
-3.828613377409784007e+05
-3.974600133720976301e+05
-4.126458211145330570e+05
-4.284464102466799086e+05
-4.448911126634303946e+05
-4.620110787054888788e+05
-4.798394270360111259e+05
-4.984114103430990363e+05
-5.177645989248647238e+05
-5.379390845285851974e+05
-5.589777071936230641e+05
-5.809263082901176531e+05
-6.038340134762134403e+05
-6.277535499342434341e+05
-6.527416029977608705e+05
-6.788592182027109666e+05
-7.061722558983312920e+05
-7.347519068981119199e+05
-7.646752792944174726e+05
-7.960260685792630538e+05
-8.288953256970128277e+05
-8.633823407486471115e+05
-8.995956639305659337e+05
-9.376542901388925966e+05
-9.776890398160398472e+05
-1.019844176452387357e+06
-1.064279311214874266e+06
-1.111171658211790025e+06
-1.160718720940684434e+06
-1.213141512933622347e+06
-1.268688445556464372e+06
-1.327640056239498314e+06
-1.390314805371419061e+06
-1.457076245905881515e+06
-1.528341975842077751e+06
-1.604594934374467703e+06
-1.686397820022167638e+06
-1.774411728695939761e+06
-1.869420588920032606e+06
-1.972363706000774633e+06
-2.084379880937842652e+06
-2.206868433870320674e+06
-2.341575568860128988e+06
-2.490719885936663952e+06
-2.657180519244406372e+06
-2.844789678998363670e+06
-3.058808062073910143e+06
-3.306740512867504731e+06
-3.599834567251858301e+06
-3.956090853192289826e+06
-4.407097406306094490e+06
-5.016604764038238674e+06
-5.948715637144872919e+06
-7.967116852610078640e+06
nan
nan
nan
nan
nan
nan
nan
nan
nan
nan
nan
nan
nan
nan
nan
nan
nan
nan
nan
nan
nan
nan
nan
nan
nan
nan
nan
nan
nan
nan
nan
nan
nan
nan
nan
nan
nan
nan
nan
nan
nan
nan
nan
nan
nan
nan
nan
nan
nan
nan
nan
nan
nan
nan
nan
nan
nan
nan
nan
nan
nan
nan
nan
nan
nan
nan
nan
nan
nan
nan
nan
nan
nan
nan
nan
nan
nan
nan
nan
nan
nan
nan
nan
nan
nan
nan
nan
nan
nan
nan
nan
nan
nan
nan
nan
nan
nan
nan
nan
nan
nan
nan
nan
nan
nan
nan
nan
nan
nan
nan
nan
nan
nan
nan
nan
nan
nan
nan
nan
nan
nan
nan
nan
nan
nan
nan
nan
nan
nan
nan
nan
nan
nan
nan
nan
nan
nan
nan
nan
nan
nan
nan
nan
nan
nan
nan
nan
nan
nan
nan
nan
nan
nan
nan
nan
nan
nan
nan
nan
nan
nan
nan
nan
