1.547700454924427635e-05
1.591106572130602587e-05
1.635740518812334160e-05
1.681616575536895019e-05
1.728775065830733939e-05
1.777260104167994274e-05
1.827094560968453858e-05
1.878333038836075972e-05
1.931012145242972045e-05
1.985178330289537229e-05
2.040837998273804240e-05
2.098086448886473602e-05
2.156906950450249150e-05
2.217400071957812579e-05
2.279583698828600602e-05
2.343521004472940052e-05
2.409246769076063690e-05
2.476819872313942926e-05
2.546274826581760472e-05
2.617674760589025812e-05
2.691087917186289286e-05
2.766564713770248177e-05
2.844165923333890527e-05
2.923914058087708097e-05
3.005921741395976507e-05
3.090218671804406502e-05
3.176879259828852681e-05
3.265975336774970143e-05
3.357579000397191090e-05
3.451740192367811123e-05
3.548539887916103431e-05
3.648042703952675633e-05
3.750350424729465904e-05
3.855529775945481434e-05
3.963665518432566169e-05
4.074814084394758550e-05
4.189107260780490293e-05
4.306579604306724719e-05
4.427348298940727265e-05
4.551516262980311164e-05
4.679150845889036120e-05
4.810388144426609069e-05
4.945286551697848854e-05
5.083981215862924734e-05
5.226563247099799377e-05
5.373134001349602780e-05
5.523809678968521645e-05
5.678726208599352271e-05
5.837993221595371373e-05
6.001699330500639214e-05
6.170017967589381473e-05
6.343061165836082270e-05
6.520935483610661556e-05
6.703823095547181959e-05
6.891835933180142173e-05
7.085097873298581181e-05
7.283800145952879662e-05
7.488057064584684771e-05
7.698063036313107629e-05
7.913948051531800821e-05
8.135885238687916798e-05
8.364047055337766755e-05
8.598612702026107600e-05
8.839775057280180131e-05
9.087672687693302187e-05
9.342523579850735499e-05
9.604531960688154815e-05
9.873871403667511249e-05
1.015079417681625346e-04
1.043546255889956970e-04
1.072810993737079437e-04
1.102897347495274426e-04
1.133825347709372289e-04
1.165622314655241968e-04
1.198311350747329455e-04
1.231917243137611027e-04
1.266465101262989298e-04
1.301981390167959208e-04
1.338495001185033176e-04
1.376030844558088324e-04
1.414621133483828395e-04
1.454293845176031215e-04
1.495076634626244156e-04
1.537005524670643066e-04
1.580108623847888377e-04
1.624420059910366065e-04
1.669976288822394431e-04
1.716807409477598358e-04
1.764953783641133253e-04
1.814449833658886161e-04
1.865333154143173429e-04
1.917643571606598009e-04
1.971422210177981970e-04
2.026705673794344331e-04
2.083542725320399630e-04
2.141973549207925264e-04
2.202041465004849960e-04
2.263794940343377129e-04
2.327279295903306384e-04
2.392543744810948932e-04
2.459638427006529955e-04
2.528613882277540932e-04
2.599525754219048209e-04
2.672424358152962324e-04
2.747367032731858690e-04
2.824412873954265505e-04
2.903617577096419852e-04
2.985043437573673525e-04
3.068751788545295129e-04
3.154810626764366290e-04
3.243279649847058172e-04
3.334230585671643112e-04
3.427732429932704630e-04
3.523854281726346445e-04
3.622673376638443064e-04
3.724263019813302700e-04
3.828700780347505891e-04
3.936066666206959933e-04
4.046443894708014319e-04
4.159914817235944406e-04
4.276569393853238139e-04
4.396493710818724426e-04
4.519778774007339353e-04
4.646524185838251221e-04
4.776822084171423750e-04
4.910773625693857841e-04
5.048480599174515497e-04
5.190049645981072201e-04
5.335586595693209838e-04
5.485203469740283257e-04
5.639018030488617906e-04
5.797143477878083720e-04
5.959703371206186671e-04
6.126821561902447925e-04
6.298624833543553687e-04
6.475243170240447274e-04
6.656815209666467736e-04
6.843478749243064787e-04
7.035374004826840805e-04
7.232652029357238433e-04
7.435458182626678795e-04
7.643950967783098285e-04
7.858290810585295046e-04
8.078636701676460141e-04
8.305162989082325855e-04
8.538038709156554407e-04
8.777442320536969680e-04
9.023556580426120213e-04
9.276573516940034812e-04
9.536682202530119730e-04
9.804081746482640539e-04
1.007897958208967036e-03
1.036158220096386777e-03
1.065210656098027932e-03
1.095077631101895642e-03
1.125781603400260924e-03
1.157346573474205475e-03
1.189796033637249362e-03
1.223155233091926912e-03
1.257449692915587648e-03
1.292705253964501451e-03
1.328948916994599329e-03
1.366208451443498952e-03
1.404512538586719182e-03
1.443890195206922432e-03
1.484371484606289730e-03
1.525987253727693720e-03
1.568769671458069073e-03
1.612751026929233958e-03
1.657964836179135967e-03
1.704445985944312483e-03
1.752229645413054928e-03
1.801352495546689825e-03
1.851851728350503018e-03
1.903766355380048401e-03
1.957135788791775858e-03
2.012000739041908733e-03
2.068402892285734884e-03
2.126385648896482721e-03
2.185992892856079318e-03
2.247270585010814527e-03
2.310265123592126699e-03
2.375024549780681369e-03
2.441598267748264217e-03
2.510037351613628957e-03
2.580393632352744656e-03
2.652721121384459587e-03
2.727074718592768961e-03
2.803511000538653174e-03
2.882088821044050553e-03
2.962867461203381146e-03
3.045908619644873989e-03
3.131275959778734557e-03
3.219034223946828487e-03
3.309250438004412379e-03
3.401993170280737284e-03
3.497333388718440721e-03
3.595343380141590925e-03
3.696097762150603230e-03
3.799673830447551377e-03
3.906149984566995026e-03
4.015607245482774763e-03
4.128129122028260239e-03
4.243801568601144637e-03
4.362712019093899565e-03
4.484951316379832097e-03
4.610612697856162658e-03
4.739791149850373572e-03
4.872585397786638288e-03
5.009096462423406199e-03
5.149427863282403720e-03
5.293686678277524128e-03
5.441981970048402964e-03
5.594427104066609403e-03
5.751137413700142635e-03
5.912232282761415748e-03
6.077834078173761576e-03
6.248068251067644824e-03
6.423064310972185532e-03
6.602955205508801578e-03
6.787877095892820047e-03
6.977970542098955141e-03
7.173379845402261777e-03
7.374253047562034924e-03
7.580742366037830811e-03
7.793004532774641321e-03
8.011200321415157949e-03
8.235495003438482800e-03
8.466058748939665757e-03
8.703065706792915274e-03
8.946695553991449237e-03
9.197132471620891869e-03
9.454566365119697682e-03
9.719191514050514250e-03
9.991207969300797825e-03
1.027082167633001746e-02
1.055824356068775505e-02
1.085369063347581438e-02
1.115738658196940326e-02
1.146955984786526654e-02
1.179044650648305818e-02
1.212028812311911376e-02
1.245933366761421170e-02
1.280783844139577257e-02
1.316606481282646748e-02
1.353428274342273127e-02
1.391276937470336920e-02
1.430180918176579032e-02
1.470169445975409196e-02
1.511272613759481222e-02
1.553521243618971245e-02
1.596947089612426457e-02
1.641582724479038677e-02
1.687461590738004169e-02
1.734618089800369842e-02
1.783087510367815931e-02
1.832906198114906543e-02
1.884111340590967007e-02
1.936741247746142161e-02
1.990835249632072479e-02
2.046433739640091815e-02
2.103578140018817766e-02
2.162311090870738112e-02
2.222676337011934150e-02
2.284718816946374256e-02
2.348484652651863444e-02
2.414021244643981337e-02
2.481377270250156863e-02
2.550602689853642344e-02
2.621748835465236710e-02
2.694868359612445988e-02
2.770015395595821703e-02
2.847245455900820552e-02
2.926615620436325699e-02
3.008184391356272247e-02
3.092011892176742271e-02
3.178159862209575803e-02
3.266691596945064252e-02
3.357672166163394589e-02
3.451168279917698339e-02
3.547248435999875160e-02
3.645982972558730467e-02
3.747444027767152935e-02
3.851705661267870034e-02
3.958843888441326148e-02
4.068936628127935856e-02
4.182063971457887497e-02
4.298307942001128312e-02
4.417752808028740236e-02
4.540484966674650236e-02
4.666593059937483579e-02
4.796168044862046675e-02
4.929303123190827834e-02
5.066093985487386125e-02
5.206638743121649870e-02
5.351037955081990732e-02
5.499394802909441521e-02
5.651815063312124604e-02
5.808407162591478629e-02
5.969282260793210698e-02
6.134554299035799990e-02
6.304340085948149930e-02
6.478759351892494911e-02
6.657934726756134514e-02
6.841991945157852029e-02
7.031059755566650138e-02
7.225270141885024866e-02
7.424758232843513273e-02
7.629662456824228001e-02
7.840124594803628277e-02
8.056289812525127547e-02
8.278306750607783426e-02
8.506327578785874421e-02
8.740508043575408170e-02
8.981007590461057011e-02
9.227989289602345213e-02
9.481620073754593037e-02
9.742070665175839306e-02
1.000951572542747581e-01
1.028413383296116063e-01
1.056610762023817290e-01
1.085562375012016773e-01
1.115287301681703869e-01
1.145805042355762665e-01
1.177135517261471420e-01
1.209299077267566164e-01
1.242316507202985976e-01
1.276209019803992151e-01
1.310998279031145020e-01
1.346706387897692314e-01
1.383355902169278728e-01
1.420969820420615037e-01
1.459571601529341955e-01
1.499185155356291821e-01
1.539834850033080238e-01
1.581545511799099801e-01
1.624342420835447331e-01
1.668251319090182094e-01
1.713298398446437276e-01
1.759510308050095118e-01
1.806914144031973035e-01
1.855537450367416019e-01
1.905408212007224933e-01
1.956554843776391606e-01
2.009006196354042872e-01
2.062791532893702429e-01
2.117940525000926721e-01
2.174483239599115658e-01
2.232450132565752532e-01
2.291872023098314171e-01
2.352780085458312798e-01
2.415205818851776653e-01
2.479181045172667019e-01
2.544737870194396234e-01
2.611908655355927866e-01
2.680726011529935837e-01
2.751222738472449136e-01
2.823431814527989636e-01
2.897386350557509260e-01
2.973119547105253502e-01
3.050664654242242757e-01
3.130054923374710474e-01
3.211323552556659688e-01
3.294503637441694721e-01
3.379628099643933181e-01
3.466729636976316753e-01
3.555840632395199652e-01
3.646993094077319308e-01
3.740218573289544324e-01
3.835548062265627944e-01
3.933011914650425545e-01
4.032639737589289730e-01
4.134460273320704204e-01
4.238501307382027683e-01
4.344789510612169781e-01
4.453350335303891683e-01
4.564207852728402459e-01
4.677384601947248699e-01
4.792901433020024249e-01
4.910777329223541265e-01
5.031029216276153848e-01
5.153671766407769139e-01
5.278717189940268506e-01
5.406174994770760467e-01
5.536051767018688174e-01
5.668350890415698728e-01
5.803072293023499029e-01
5.940212143861979266e-01
6.079762545752664948e-01
6.221711217248053760e-01
6.366041124606213186e-01
6.512730127320648377e-01
6.661750575667981789e-01
6.813068893689859795e-01
6.966645136310478659e-01
7.122432516898486998e-01
7.280376913990571630e-01
7.440416333160445594e-01
7.602480343597988188e-01
7.766489500395830081e-01
7.932354696493308932e-01
8.099976504048604919e-01
8.269244463670725187e-01
8.440036343784713679e-01
8.612217341789797365e-01
8.785639251438169817e-01
8.960139578569816798e-01
9.135540602011080757e-01
9.311648381989738876e-01
9.488251723376015523e-01
9.665121060578616419e-01
9.842007294739535395e-01
1.001864056239726519e+00
1.019472893102151945e+00
1.036995702422679022e+00
1.054398457627713892e+00
1.071644489427526103e+00
1.088694325014000430e+00
1.105505517130437543e+00
1.122032465419089409e+00
1.138226225751140852e+00
1.154034311751646946e+00
1.169400484607016066e+00
1.184264530535240389e+00
1.198562027667193775e+00
1.212224101002022270e+00
1.225177162532153474e+00
1.237342639303188552e+00
1.248636686930777007e+00
1.258969886780711089e+00
1.268246929291332981e+00
1.276366280075779347e+00
1.283219827842475569e+00
1.288692516170409919e+00
1.292661954696654458e+00
1.294998010883427808e+00
1.295562382101798082e+00
1.294208144632198243e+00
1.290779280511467730e+00
1.285110181260137097e+00
1.277025126028201729e+00
1.266337734269606941e+00
1.252850390753522003e+00
1.236353643003615055e+00
1.216625569062626644e+00
1.193431113484393791e+00
1.166521392039841398e+00
1.135632963007621843e+00
1.100487061617842599e+00
1.060788800185365588e+00
1.016226327835338727e+00
9.664699516800012713e-01
9.111712163647515128e-01
8.499619388536374665e-01
7.824531999499024781e-01
7.082342875445094554e-01
6.268715906396434834e-01
5.379074425833565432e-01
4.408589123242462882e-01
3.352165372435132462e-01
2.204430011592637406e-01
9.597175088073534033e-02
-3.879444878586429946e-02
-1.844850270742191545e-01
-3.417631836771574116e-01
-5.113275382929446389e-01
-6.939138519286458529e-01
-8.902968235853983003e-01
-1.101291967512765924e+00
-1.327757570826311184e+00
-1.570596737128610254e+00
-1.830759518435190358e+00
-2.109245137798798631e+00
-2.407104309662130515e+00
-2.725441656032446591e+00
-3.065418228484462659e+00
-3.428254133678104054e+00
-3.815231271426699156e+00
-4.227696186149583646e+00
-4.667063037570057915e+00
-5.134816695055366864e+00
-5.632515958094788999e+00
-6.161796910955569473e+00
-6.724376412770205036e+00
-7.322055731383155575e+00
-7.956724322143823080e+00
-8.630363761547224399e+00
-9.345051837101346237e+00
-1.010296680044162443e+01
-1.090639179150837990e+01
-1.175771943578408774e+01
-1.265945662380101311e+01
-1.361422947898496361e+01
-1.462478851797759205e+01
-1.569401401323012735e+01
-1.682492156316311593e+01
-1.802066787676315585e+01
-1.928455678065123990e+01
-2.062004545755623752e+01
-2.203075092003154367e+01
-2.352045673198105646e+01
-2.509311998434041868e+01
-2.675287853152916284e+01
-2.850405850285653386e+01
-3.035118209100751940e+01
-3.229897563382792214e+01
-3.435237799356928434e+01
-3.651654924802434721e+01
-3.879687969954055404e+01
-4.119899921678870669e+01
-4.372878691649771810e+01
-4.639238119978422503e+01
-4.919619015160104425e+01
-5.214690231726980585e+01
-5.525149786751350689e+01
-5.851726016614693293e+01
-6.195178775082168698e+01
-6.556300674337383327e+01
-6.935918370105271435e+01
-7.334893892551309591e+01
-7.754126024194815159e+01
-8.194551726513959977e+01
-8.657147616796240186e+01
-9.142931496844187222e+01
-9.652963935137572093e+01
-1.018834990422922431e+02
-1.075024047526752469e+02
-1.133983457120284157e+02
-1.195838078083143330e+02
-1.260717923555260995e+02
-1.328758355064669558e+02
-1.400100283345435912e+02
-1.474890376031588062e+02
-1.553281272479974291e+02
-1.635431805897098627e+02
-1.721507233068806784e+02
-1.811679471873372052e+02
-1.906127346862843979e+02
-2.005036843166388962e+02
-2.108601368971187924e+02
-2.217022026846564131e+02
-2.330507894209439428e+02
-2.449276313227940705e+02
-2.573553190431320559e+02
-2.703573306366351972e+02
-2.839580635597290552e+02
-2.981828677404592440e+02
-3.130580797491517160e+02
-3.286110581070468584e+02
-3.448702197694002507e+02
-3.618650778167137219e+02
-3.796262803993713533e+02
-3.981856509674495896e+02
-4.175762298336517802e+02
-4.378323171076534095e+02
-4.589895170463435079e+02
-4.810847838670256351e+02
-5.041564690665953776e+02
-5.282443702995424246e+02
-5.533897818579367822e+02
-5.796355468132131818e+02
-6.070261108639956547e+02
-6.356075779499359442e+02
-6.654277676863238185e+02
-6.965362746783504235e+02
-7.289845297742657522e+02
-7.628258633188376052e+02
-7.981155704747004620e+02
-8.349109786701177427e+02
-8.732715172542241362e+02
-9.132587894146299732e+02
-9.549366464434328918e+02
-9.983712644186904299e+02
-1.043631223382506732e+03
-1.090787589096763895e+03
-1.139913997454425271e+03
-1.191086741637845989e+03
-1.244384862108394373e+03
-1.299890239521499780e+03
-1.357687690656505993e+03
-1.417865067465869743e+03
-1.480513359336902568e+03
-1.545726798676893395e+03
-1.613602969921045542e+03
-1.684242922080837616e+03
-1.757751284944951294e+03
-1.834236389053503899e+03
-1.913810389556887458e+03
-1.996589394108292709e+03
-2.082693594890414261e+03
-2.172247404944749633e+03
-2.265379598913109021e+03
-2.362223458357122581e+03
-2.462916921792894755e+03
-2.567602739601011763e+03
-2.676428633975345292e+03
-2.789547464059839967e+03
-2.907117396472703604e+03
-3.029302081358851410e+03
-3.156270834193083829e+03
-3.288198823488568905e+03
-3.425267264631986563e+03
-3.567663620036156317e+03
-3.715581805827199332e+03
-3.869222405273418190e+03
-4.028792889206219115e+03
-4.194507843628805858e+03
-4.366589204806624366e+03
-4.545266502027013303e+03
-4.730777108362749459e+03
-4.923366499642396775e+03
-5.123288521947003574e+03
-5.330805667924338195e+03
-5.546189362195847934e+03
-5.769720256197751951e+03
-6.001688532772299368e+03
-6.242394220829125516e+03
-6.492147520466494825e+03
-6.751269138878690683e+03
-7.020090637436718680e+03
-7.298954790361683990e+03
-7.588215955353683967e+03
-7.888240456661435019e+03
-8.199406980950108846e+03
-8.522106986527851404e+03
-8.856745126321537100e+03
-9.203739685143184033e+03
-9.563523031778811855e+03
-9.936542086384626600e+03
-1.032325880379217051e+04
-1.072415067333851221e+04
-1.113971123573781915e+04
-1.157045061770865505e+04
-1.201689608502741248e+04
-1.247959261461722053e+04
-1.295910348648491345e+04
-1.345601089620570201e+04
-1.397091658877809095e+04
-1.450444251460921078e+04
-1.505723150857445944e+04
-1.562994799299934857e+04
-1.622327870549022009e+04
-1.683793345262518051e+04
-1.747464589054156750e+04
-1.813417433344520032e+04
-1.881730259122946882e+04
-1.952484083733117222e+04
-2.025762650812662832e+04
-2.101652523504970668e+04
-2.180243181095935142e+04
-2.261627119203795155e+04
-2.345899953675151846e+04
-2.433160528353239351e+04
-2.523511026873384617e+04
-2.617057088665070842e+04
-2.713907929340142073e+04
-2.814176465666618606e+04
-2.917979445317919817e+04
-3.025437581627690815e+04
-3.136675693556043552e+04
-3.251822851124531371e+04
-3.371012526548666210e+04
-3.494382751353065396e+04
-3.622076279721294850e+04
-3.754240758410352282e+04
-3.891028903499493754e+04
-4.032598684331016557e+04
-4.179113514984336507e+04
-4.330742453640134045e+04
-4.487660410230989510e+04
-4.650048362800666655e+04
-4.818093582984434761e+04
-4.991989871108858642e+04
-5.171937801350164227e+04
-5.358144977543687855e+04
-5.550826300134354096e+04
-5.750204244881952764e+04
-5.956509153978295217e+04
-6.169979540175637521e+04
-6.390862404718440666e+04
-6.619413569740287494e+04
-6.855898026038489479e+04
-7.100590296996934921e+04
-7.353774819614698936e+04
-7.615746343642396096e+04
-7.886810349812137429e+04
-8.167283488340904296e+04
-8.457494038889453805e+04
-8.757782393232284812e+04
-9.068501562064209429e+04
-9.390017707370688731e+04
-9.722710701986648201e+04
-1.006697471800128405e+05
-1.042321884588612011e+05
-1.079186774626370898e+05
-1.117336233646355831e+05
-1.156816051412082743e+05
-1.197673792031063931e+05
-1.239958874479360093e+05
-1.283722657635688956e+05
-1.329018530116536713e+05
-1.375902005267905479e+05
-1.424430821654068714e+05
-1.474665049454817490e+05
-1.526667203182986414e+05
-1.580502361190571683e+05
-1.636238292463925609e+05
-1.693945591252846934e+05
-1.753697820133489731e+05
-1.815571662142188288e+05
-1.879647082701762265e+05
-1.946007502099832927e+05
-2.014739979371543159e+05
-2.085935408513513103e+05
-2.159688728028013138e+05
-2.236099144941605919e+05
-2.315270374481008912e+05
-2.397310896789155959e+05
-2.482334232143721310e+05
-2.570459236315547314e+05
-2.661810417891281541e+05
-2.756518279536771006e+05
-2.854719685442916234e+05
-2.956558257392065716e+05
-3.062184802209222689e+05
-3.171757773609783617e+05
-3.285443771865765448e+05
-3.403418085085478961e+05
-3.525865276342224097e+05
-3.652979821417566855e+05
-3.784966802533547161e+05
-3.922042664065259160e+05
-4.064436037051866297e+05
-4.212388640199401416e+05
-4.366156266037974856e+05
-4.526009862165995874e+05
-4.692236718806111603e+05
-4.865141775493617170e+05
-5.045049061626354815e+05
-5.232303287660178030e+05
-5.427271606360808946e+05
-5.630345566428950988e+05
-5.841943284351737238e+05
-6.062511864457991906e+05
-6.292530102116100024e+05
-6.532511510836606612e+05
-6.783007721150248544e+05
-7.044612307477882132e+05
-7.317965109545566374e+05
-7.603757127177218208e+05
-7.902736082457340090e+05
-8.215712761692738859e+05
-8.543568272485748166e+05
-8.887262379259326262e+05
-9.247843115970990621e+05
-9.626457918539160164e+05
-1.002436657546751667e+06
-1.044295636548467679e+06
-1.088375984195692698e+06
-1.134847584048838820e+06
-1.183899443840988912e+06
-1.235742679499465507e+06
-1.290614106646567117e+06
-1.348780594595508184e+06
-1.410544386100005591e+06
-1.476249652408002876e+06
-1.546290645329636056e+06
-1.621121938187017106e+06
-1.701271434109343914e+06
-1.787357092422638787e+06
-1.880108728852673667e+06
-1.980396860476413742e+06
-2.089271523271763464e+06
-2.208015518691016827e+06
-2.338219061523734592e+06
-2.481887086498528253e+06
-2.641598063081489876e+06
-2.820747251494304743e+06
-3.023934916859798599e+06
-3.257617693021762650e+06
-3.531271965591414366e+06
-3.859645891360026784e+06
-4.267616104998935014e+06
-4.802407692298006266e+06
-5.572807267339123413e+06
-6.951133223756352440e+06
nan
nan
nan
nan
nan
nan
nan
nan
nan
nan
nan
nan
nan
nan
nan
nan
nan
nan
nan
nan
nan
nan
nan
nan
nan
nan
nan
nan
nan
nan
nan
nan
nan
nan
nan
nan
nan
nan
nan
nan
nan
nan
nan
nan
nan
nan
nan
nan
nan
nan
nan
nan
nan
nan
nan
nan
nan
nan
nan
nan
nan
nan
nan
nan
nan
nan
nan
nan
nan
nan
nan
nan
nan
nan
nan
nan
nan
nan
nan
nan
nan
nan
nan
nan
nan
nan
nan
nan
nan
nan
nan
nan
nan
nan
nan
nan
nan
nan
nan
nan
nan
nan
nan
nan
nan
nan
nan
nan
nan
nan
nan
nan
nan
nan
nan
nan
nan
nan
nan
nan
nan
nan
nan
nan
nan
nan
nan
nan
nan
nan
nan
nan
nan
nan
nan
nan
nan
nan
nan
nan
nan
nan
nan
nan
nan
nan
nan
nan
nan
nan
nan
nan
nan
nan
nan
nan
nan
nan
nan
nan
nan
nan
nan
nan
nan
nan
nan
nan
nan
nan
nan
nan
nan
nan
nan
nan
nan
nan
nan
nan
nan
nan
nan
nan
nan
nan
nan
nan
nan
nan
nan
nan
nan
nan
nan
nan
nan
nan
nan
nan
nan
nan
nan
nan
nan
nan
nan
nan
nan
nan
nan
nan
nan
nan
