1.165391354287977937e-06
1.198085823721804147e-06
1.231868679355236093e-06
1.266325460050848109e-06
1.301817702829181961e-06
1.338227154054095957e-06
1.375969417717772075e-06
1.414471545678915521e-06
1.454200287020639725e-06
1.494889834801817529e-06
1.536807737223007739e-06
1.579997578748669144e-06
1.624281373522787188e-06
1.669763963674363501e-06
1.716579300043425140e-06
1.764643817028243923e-06
1.814156116639653004e-06
1.865100570035160015e-06
1.917491456680324357e-06
1.971132035713144057e-06
2.026361053936825060e-06
2.083307939135152286e-06
2.141634175638984660e-06
2.201798280661912987e-06
2.263543941221647407e-06
2.326908268950766994e-06
2.392224156435179381e-06
2.459366257701848119e-06
2.528254481471829486e-06
2.599358234908594405e-06
2.672190972298526049e-06
2.747069392065575874e-06
2.824108052113892661e-06
2.903228810482807200e-06
2.984651053660072648e-06
3.068404409471572391e-06
3.154573934971503949e-06
3.243050294925254137e-06
3.334037761459707485e-06
3.427299684056461003e-06
3.523669985190283091e-06
3.622284167449662987e-06
3.723859882303927270e-06
3.828424743621174284e-06
3.935830942485324768e-06
4.046248376508851281e-06
4.159678443644265971e-06
4.276195601383236093e-06
4.396208866960239872e-06
4.519451097563154563e-06
4.646243582354811510e-06
4.776492494548784188e-06
4.910443154743376525e-06
5.048181588721054505e-06
5.189888648197208295e-06
5.335336247770020143e-06
5.484901936024043058e-06
5.638813027493295096e-06
5.796896781600553563e-06
5.959593849539977260e-06
6.126702087819976792e-06
6.298382580586585176e-06
6.475167859540073972e-06
6.656701721051075173e-06
6.843259550481073418e-06
7.035240898781037135e-06
7.232674546585315019e-06
7.435472304043876851e-06
7.643936028028403158e-06
7.858261632962402595e-06
8.078784471793537466e-06
8.305243218478612136e-06
8.538281732705863331e-06
8.777699130504994967e-06
9.023706834121599744e-06
9.276940651386676720e-06
9.536946214679483313e-06
9.804457957805925335e-06
1.007938327301469284e-05
1.036207254887115159e-05
1.065281330957067722e-05
1.095134080965447334e-05
1.125859956682302167e-05
1.157423351450111602e-05
1.189885919285847202e-05
1.223255990693388053e-05
1.257564472307092467e-05
1.292840757994960888e-05
1.329088034873419160e-05
1.366359287161043378e-05
1.404682947857354583e-05
1.444088250840719474e-05
1.484580894451193619e-05
1.526219868285733737e-05
1.569016841398347028e-05
1.613012690395409433e-05
1.658253290670273897e-05
1.704765356625949677e-05
1.752581809891240122e-05
1.801718151545230037e-05
1.852248804031552055e-05
1.904206845423060757e-05
1.957610943797897008e-05
2.012490782316255950e-05
2.068939025650909971e-05
2.126960956885990574e-05
2.186626697075554789e-05
2.247946619200645593e-05
2.310972661455069189e-05
2.375800210074404962e-05
2.442418045544653355e-05
2.510910414185045026e-05
2.581333394986574820e-05
2.653740408936415993e-05
2.728159223023309733e-05
2.804668412291215466e-05
2.883323183947580584e-05
2.964182433566423940e-05
3.047309942231673813e-05
3.132775796266842579e-05
3.220633398455765759e-05
3.310945572048986610e-05
3.403811837067680790e-05
3.499269309920179717e-05
3.597395372514153452e-05
3.698284022870417155e-05
3.801997664301757368e-05
3.908619074608571332e-05
4.018254061700849203e-05
4.130931843632628531e-05
4.246784174442263642e-05
4.365896132840333023e-05
4.488333503288024703e-05
4.614195541115804263e-05
4.743617220615899837e-05
4.876645844261798799e-05
5.013394239407435997e-05
5.153993797542754193e-05
5.298545641885827603e-05
5.447149319742133276e-05
5.599905458360452640e-05
5.756943374516266133e-05
5.918399156950478733e-05
6.084393582056586908e-05
6.255009900475238334e-05
6.430447766140372982e-05
6.610775413055500931e-05
6.796184327582442219e-05
6.986766026777764082e-05
7.182717627437110544e-05
7.384143248810347618e-05
7.591234762129554650e-05
7.804124028616556510e-05
8.022988001395173143e-05
8.248002268107770189e-05
8.479319968468595440e-05
8.717101504690665556e-05
8.961594329316195325e-05
9.212911148191064244e-05
9.471285931236098402e-05
9.736903274166946510e-05
1.000997771259920483e-04
1.029068452944465471e-04
1.057929018443367643e-04
1.087598162095921624e-04
1.118099755668889228e-04
1.149455858436929388e-04
1.181692408000228249e-04
1.214832162632709247e-04
1.248902968600971108e-04
1.283928236713081201e-04
1.319935219785393118e-04
1.356953145193899916e-04
1.395006337237117476e-04
1.434130042969115990e-04
1.474348526315503495e-04
1.515698424337319841e-04
1.558204399521508098e-04
1.601905062999894240e-04
1.646828659957138934e-04
1.693013990189710873e-04
1.740493706270017588e-04
1.789305235264055456e-04
1.839484134905866272e-04
1.891072629632843574e-04
1.944107881494851599e-04
1.998628132924889155e-04
2.054681237248144566e-04
2.112302974561644042e-04
2.171540909533901389e-04
2.232442791478992869e-04
2.295050217914629948e-04
2.359412379887408390e-04
2.425582162994229028e-04
2.493607406356638124e-04
2.563539651206545814e-04
2.635432981753890367e-04
2.709342788501934427e-04
2.785324685421398288e-04
2.863438418386840415e-04
2.943741778016286423e-04
3.026297121591138583e-04
3.111170439420811169e-04
3.198420267221491566e-04
3.288119524723996504e-04
3.380331993972312643e-04
3.475134190884072386e-04
3.572591923569552502e-04
3.672784803522511016e-04
3.775785437840346154e-04
3.881676483698733872e-04
3.990534970653275538e-04
4.102446908075943802e-04
4.217499365110126907e-04
4.335777517745634311e-04
4.457371908875978070e-04
4.582375724282537885e-04
4.710887059728828411e-04
4.843001283929310066e-04
4.978821053945520821e-04
5.118451285605974191e-04
5.261994240996102287e-04
5.409564739067254831e-04
5.561272798289865985e-04
5.717236563860865440e-04
5.877572581953282400e-04
6.042406371170574910e-04
6.211862905329957989e-04
6.386069757639674599e-04
6.565162912624478630e-04
6.749280013099894296e-04
6.938558721812397231e-04
7.133147876366391187e-04
7.333190918779732915e-04
7.538847319799793631e-04
7.750268624510983336e-04
7.967620130500020640e-04
8.191067219104461363e-04
8.420779610647969671e-04
8.656935594019890936e-04
8.899713868794623117e-04
9.149300584286689094e-04
9.405886438708145354e-04
9.669666453536603611e-04
9.940847399392089764e-04
1.021963020261702553e-03
1.050623272982308077e-03
1.080087258076621246e-03
1.110377245835385317e-03
1.141517092555438670e-03
1.173530055473601943e-03
1.206440638711437719e-03
1.240274210683360925e-03
1.275056623272598352e-03
1.310814608987348603e-03
1.347575189797201121e-03
1.385366617856003410e-03
1.424218067800686605e-03
1.464158856585016152e-03
1.505219940932491776e-03
1.547432418985929346e-03
1.590828570479321628e-03
1.635441654818373634e-03
1.681305995722153293e-03
1.728456319746106504e-03
1.776929145716920526e-03
1.826761164004924538e-03
1.877990677601313121e-03
1.930656791065333677e-03
1.984799638236039304e-03
2.040461143615853509e-03
2.097683287935340427e-03
2.156510186463837363e-03
2.216986919117359262e-03
2.279159396731616528e-03
2.343075279372033772e-03
2.408783645623657245e-03
2.476334718071314823e-03
2.545779860742480079e-03
2.617172623254474147e-03
2.690567305447578734e-03
2.766020070890973324e-03
2.843588851704171791e-03
2.923332774470059105e-03
3.005312895811085901e-03
3.089591974526956566e-03
3.176234269008563690e-03
3.265306165728515484e-03
3.356875809185049745e-03
3.451013309171074763e-03
3.547790484377886210e-03
3.647281405076556980e-03
3.749562238425779240e-03
3.854711142551272250e-03
3.962808463900128336e-03
4.073936994424362523e-03
4.188181782193362186e-03
4.305629989416247770e-03
4.426371580477515139e-03
4.550498805847339422e-03
4.678106750257520624e-03
4.809292697235944061e-03
4.944157066661996475e-03
5.082803412825161529e-03
5.225337232820203258e-03
5.371867625310123781e-03
5.522506744026294510e-03
5.677369594698979116e-03
5.836574911657730833e-03
6.000244089327433535e-03
6.168502487202015029e-03
6.341478787084105576e-03
6.519305200920095210e-03
6.702117516048116189e-03
6.890055485355171816e-03
7.083263062910335160e-03
7.281887980933096811e-03
7.486081677833478047e-03
7.696000592564954286e-03
7.911805302854577407e-03
8.133660515563400153e-03
8.361735941428071264e-03
8.596206014690915484e-03
8.837249742880380621e-03
9.085051421480968420e-03
9.339800733208381694e-03
9.601692212449311828e-03
9.870926099295608547e-03
1.014770809188546112e-02
1.043224970826783261e-02
1.072476832693823948e-02
1.102548785562926931e-02
1.133463804365968455e-02
1.165245497961953786e-02
1.197918146527349008e-02
1.231506733995072628e-02
1.266036919112073847e-02
1.301535101516399472e-02
1.338028378867429230e-02
1.375544674705860698e-02
1.414112606941577907e-02
1.453761679651213376e-02
1.494522166849691740e-02
1.536425193675953170e-02
1.579502813108527373e-02
1.623787878818644045e-02
1.669314267382982983e-02
1.716116695893159586e-02
1.764230991060410092e-02
1.813693829238889957e-02
1.864543005425798802e-02
1.916817374312695596e-02
1.970556820458508815e-02
2.025802429227690354e-02
2.082596335087859296e-02
2.140981926136253585e-02
2.201003775277906443e-02
2.262707678430302474e-02
2.326140798901306372e-02
2.391351492169841927e-02
2.458389591794996748e-02
2.527306225215166305e-02
2.598153993189820585e-02
2.670986982461549808e-02
2.745860741388949158e-02
2.822832418167378621e-02
2.901960763414492689e-02
2.983306121420958856e-02
3.066930538818166824e-02
3.152897816055892644e-02
3.241273499821909626e-02
3.332125048531699163e-02
3.425521690111534012e-02
3.521534680631543263e-02
3.620237183318315149e-02
3.721704500134281890e-02
3.826013952058072293e-02
3.933245039448284019e-02
4.043479505666169871e-02
4.156801355518392055e-02
4.273296932757816857e-02
4.393055030325122151e-02
4.516166810613381211e-02
4.642726140475242347e-02
4.772829336736249956e-02
4.906575505403477921e-02
5.044066522412633813e-02
5.185407007514913902e-02
5.330704597912718640e-02
5.480069841750127846e-02
5.633616469903560131e-02
5.791461243218721383e-02
5.953724306873627026e-02
6.120529074561563421e-02
6.292002423463120830e-02
6.468274699839332564e-02
6.649479965563079298e-02
6.835755933568238296e-02
7.027244200296016430e-02
7.224090272979695471e-02
7.426443696910632608e-02
7.634458186059907281e-02
7.848291707022479746e-02
8.068106597957226678e-02
8.294069747682901450e-02
8.526352638885660584e-02
8.765131534336038921e-02
9.010587558493421412e-02
9.262906878161279722e-02
9.522280811332554940e-02
9.788905966226836564e-02
1.006298439107392584e-01
1.034472373655159344e-01
1.063433743732196540e-01
1.093204476247453261e-01
1.123807106867701910e-01
1.155264795752402596e-01
1.187601344166079043e-01
1.220841202374914891e-01
1.255009507084726972e-01
1.290132078337340171e-01
1.326235454465150565e-01
1.363346905110589535e-01
1.401494443041306770e-01
1.440706865385047997e-01
1.481013749501173815e-01
1.522445494419676082e-01
1.565033330557359381e-01
1.608809348624309910e-01
1.653806518061089470e-01
1.700058713308766345e-01
1.747600740946057551e-01
1.796468358292896694e-01
1.846698301863225200e-01
1.898328316128795323e-01
1.951397173378330852e-01
2.005944708051472791e-01
2.062011843470430705e-01
2.119640617083339285e-01
2.178874212241593000e-01
2.239756995077656077e-01
2.302334529466204260e-01
2.366653623876113777e-01
2.432762358028154603e-01
2.500710115695343183e-01
2.570547621728871412e-01
2.642326971931102664e-01
2.716101674296831359e-01
2.791926685069136549e-01
2.869858440484737705e-01
2.949954900722742690e-01
3.032275589150971729e-01
3.116881630786108581e-01
3.203835791027345170e-01
3.293202523469561660e-01
3.385048007807975878e-01
3.479440196791116491e-01
3.576448858339365544e-01
3.676145621839567723e-01
3.778604034939473388e-01
3.883899591826213693e-01
3.992109800313081158e-01
4.103314223209970080e-01
4.217594526193985671e-01
4.335034543511786520e-01
4.455720312999875699e-01
4.579740144757257769e-01
4.707184672511486312e-01
4.838146904582496521e-01
4.972722285959981225e-01
5.111008761189287375e-01
5.253106819484277823e-01
5.399119577120897739e-01
5.549152815771217773e-01
5.703315064723127881e-01
5.861717653334664879e-01
6.024474778758389659e-01
6.191703576133695819e-01
6.363524180798331153e-01
6.540059797542767672e-01
6.721436769277283618e-01
6.907784649992657622e-01
7.099236274537502611e-01
7.295927827890585915e-01
7.497998918990368411e-01
7.705592659479051365e-01
7.918855732368826894e-01
8.137938466479877064e-01
8.362994919149724371e-01
8.594182950492588180e-01
8.831664289713375693e-01
9.075604631906921682e-01
9.326173700607228723e-01
9.583545337687567889e-01
9.847897565702060652e-01
1.011941268970974805e+00
1.039827735359432515e+00
1.068468263576894062e+00
1.097882411463261709e+00
1.128090195837565313e+00
1.159112099515114958e+00
1.190969079087177862e+00
1.223682572311742600e+00
1.257274506882679610e+00
1.291767305693925838e+00
1.327183896133111496e+00
1.363547715310673869e+00
1.400882718514641301e+00
1.439213384818628816e+00
1.478564723179345064e+00
1.518962279728685250e+00
1.560432142324172045e+00
1.603000946660817716e+00
1.646695880478973084e+00
1.691544688971319932e+00
1.737575678205972807e+00
1.784817718442417878e+00
1.833300248192538895e+00
1.883053274655233533e+00
1.934107376960770619e+00
1.986493705842356849e+00
2.040243984463786298e+00
2.095390506542727849e+00
2.151966135086928578e+00
2.210004298846647064e+00
2.269538989359349390e+00
2.330604754006500023e+00
2.393236690174809222e+00
2.457470437082919901e+00
2.523342166065997816e+00
2.590888568927111280e+00
2.660146845482614708e+00
2.731154687411418536e+00
2.803950262342160382e+00
2.878572194086730374e+00
2.955059540196913748e+00
3.033451769104614115e+00
3.113788732326467468e+00
3.196110634962240571e+00
3.280458002763660286e+00
3.366871645695853843e+00
3.455392619397979370e+00
3.546062179507977863e+00
3.638921736487577441e+00
3.734012802514773632e+00
3.831376935682835772e+00
3.931055678193691616e+00
4.033090491285171275e+00
4.137522682312179789e+00
4.244393327597641985e+00
4.353743187576766260e+00
4.465612618276137091e+00
4.580041471502471317e+00
4.697068991601364374e+00
4.816733700977214205e+00
4.939073279982567399e+00
5.064124435442907135e+00
5.191922761769531824e+00
5.322502590400132405e+00
5.455896829353664934e+00
5.592136790481270658e+00
5.731252007250652980e+00
5.873270035327942118e+00
6.018216245210290971e+00
6.166113594739086601e+00
6.316982391499468719e+00
6.470840035640467391e+00
6.627700747887565136e+00
6.787575277943324714e+00
6.950470594739764252e+00
7.116389556811225425e+00
7.285330559767183800e+00
7.457287164189731143e+00
7.632247695420925737e+00
7.810194822539889614e+00
7.991105107957210407e+00
8.174948528767602696e+00
8.361687970395053071e+00
8.551278686465543899e+00
8.743667727598143813e+00
8.938793332970936589e+00
9.136584286681751266e+00
9.336959233782415879e+00
9.539825956151032571e+00
9.745080604479436914e+00
9.952606882895850049e+00
1.016227518821482434e+01
1.037394169488351636e+01
1.058744738878401748e+01
1.080261704268813894e+01
1.101925813199274273e+01
1.123715968806937759e+01
1.145609108555557754e+01
1.167580075841166654e+01
1.189601484264048814e+01
1.211643574351205821e+01
1.233674061853408688e+01
1.255657977520069224e+01
1.277557497952936671e+01
1.299331766880915673e+01
1.320936706319143283e+01
1.342324817510859170e+01
1.363444970372414389e+01
1.384242181769364066e+01
1.404657381292304130e+01
1.424627164219772624e+01
1.444083531207885684e+01
1.462953613461748503e+01
1.481159383407192287e+01
1.498617349484030470e+01
1.515238234732630040e+01
1.530926638030144993e+01
1.545580677481884813e+01
1.559091614654069247e+01
1.571343459195713343e+01
1.582212552571536079e+01
1.591567129984277074e+01
1.599266859463899237e+01
1.605162357017777097e+01
1.609094676859982087e+01
1.610894775158725523e+01
1.610382946573777829e+01
1.607368231890637844e+01
1.601647795587889433e+01
1.593006272057673911e+01
1.581215078799824525e+01
1.566031695413747471e+01
1.547198906440967292e+01
1.524444006719494027e+01
1.497477967735185800e+01
1.465994562630931952e+01
1.429669448797781151e+01
1.388159205632134352e+01
1.341100325823347639e+01
1.288108157977599255e+01
1.228775798820189635e+01
1.162672932253271973e+01
1.089344613728789923e+01
1.008309997068095321e+01
9.190610016854391162e+00
8.210609176027471534e+00
7.137429458223296663e+00
5.965086712614663611e+00
4.687264657524861988e+00
3.297298181721268318e+00
1.788155887631580843e+00
1.524218492126983016e-01
-1.617723448636471772e+00
-3.530523019282035158e+00
-5.594664166531901905e+00
-7.819300189869696993e+00
-1.021407304031547447e+01
-1.278913696023297497e+01
-1.555518314617661524e+01
-1.852346546797520332e+01
-2.170582728535011441e+01
-2.511472940308134838e+01
-2.876327919946422185e+01
-3.266526097553681751e+01
-3.683516756425873950e+01
-4.128823324503670733e+01
-4.604046800593325628e+01
-5.110869320314525055e+01
-5.651057865974821937e+01
-6.226468125776402474e+01
-6.839048506693359286e+01
-7.490844306383931439e+01
-8.184002049401559020e+01
-8.920773992436795652e+01
-9.703522804711832350e+01
-1.053472642838219002e+02
-1.141698312501951307e+02
-1.235301671373763384e+02
-1.334568200681130747e+02
-1.439797044900294338e+02
-1.551301596649710461e+02
-1.669410103191456756e+02
-1.794466295167703720e+02
-1.926830038242469811e+02
-2.066878008307596701e+02
-2.215004390942021359e+02
-2.371621605826361758e+02
-2.537161056809949571e+02
-2.712073908415946448e+02
-2.896831889445771253e+02
-3.091928124537999452e+02
-3.297877994405222921e+02
-3.515220025563419313e+02
-3.744516810402859051e+02
-3.986355958399641395e+02
-4.241351079367129273e+02
-4.510142799579571715e+02
-4.793399811764230662e+02
-5.091819959759894800e+02
-5.406131358953407471e+02
-5.737093553306507374e+02
-6.085498710143642711e+02
-6.452172853596500772e+02
-6.837977137866968178e+02
-7.243809161362212308e+02
-7.670604322844018270e+02
-8.119337220733482354e+02
-8.591023096817060605e+02
-9.086719325568257091e+02
-9.607526950323062920e+02
-1.015459226772882630e+03
-1.072910846171450203e+03
-1.133231728850658783e+03
-1.196551081404868228e+03
-1.263003320542245547e+03
-1.332728257777052022e+03
-1.405871289840293002e+03
-1.482583594968980151e+03
-1.563022335260560567e+03
-1.647350865256496945e+03
-1.735738946960952717e+03
-1.828362971477857855e+03
-1.925406187469375936e+03
-2.027058936653652154e+03
-2.133518896553949162e+03
-2.244991330725592434e+03
-2.361689346705383286e+03
-2.483834161919803591e+03
-2.611655377814972780e+03
-2.745391262471875052e+03
-2.885289041982144681e+03
-3.031605200879228050e+03
-3.184605791919108469e+03
-3.344566755529058355e+03
-3.511774249245117971e+03
-3.686524987483807308e+03
-3.869126592003688074e+03
-4.059897953413887990e+03
-4.259169604131392589e+03
-4.467284103178405530e+03
-4.684596433238796635e+03
-4.911474410419461492e+03
-5.148299107149997326e+03
-5.395465288734028036e+03
-5.653381864001135909e+03
-5.922472350623153034e+03
-6.203175355595667497e+03
-6.495945071482601634e+03
-6.801251788987116015e+03
-7.119582426477054469e+03
-7.451441077107663659e+03
-7.797349574218666021e+03
-8.157848075686707489e+03
-8.533495667983157546e+03
-8.924870990733843428e+03
-9.332572882503016444e+03
-9.757221048734509168e+03
-1.019945675266340913e+04
-1.065994353016001151e+04
-1.113936792942786451e+04
-1.163844027662461303e+04
-1.215789546837215312e+04
-1.269849379237249559e+04
-1.326102177722062152e+04
-1.384629307262196198e+04
-1.445514936135417156e+04
-1.508846130426513810e+04
-1.574712951971459734e+04
-1.643208559897808664e+04
-1.714429315913402024e+04
-1.788474893502201303e+04
-1.865448391211905619e+04
-1.945456450199765095e+04
-2.028609376234689989e+04
-2.115021266350754740e+04
-2.204810140368013163e+04
-2.298098077499149076e+04
-2.395011358273653241e+04
-2.495680612027666939e+04
-2.600240970226895297e+04
-2.708832225881194609e+04
-2.821598999352798637e+04
-2.938690910868815990e+04
-3.060262760038135093e+04
-3.186474712747679587e+04
-3.317492495770663663e+04
-3.453487599488399428e+04
-3.594637489124688727e+04
-3.741125824922686297e+04
-3.893142691717570415e+04
-4.050884838405897608e+04
-4.214555927788738336e+04
-4.384366797381582001e+04
-4.560535731723888603e+04
-4.743288746831125172e+04
-4.932859887449155212e+04
-5.129491537779857754e+04
-5.333434746450777311e+04
-5.544949566494855389e+04
-5.764305411207159341e+04
-5.991781426762699266e+04
-6.227666882553936739e+04
-6.472261580299723573e+04
-6.725876282989495667e+04
-6.988833164851446054e+04
-7.261466283624307835e+04
-7.544122076432636823e+04
-7.837159880754262849e+04
-8.140952482004591729e+04
-8.455886689390055835e+04
-8.782363941860926570e+04
-9.120800946043491422e+04
-9.471630348201122251e+04
-9.835301442534061789e+04
-1.021228091812695784e+05
-1.060305364716089680e+05
-1.100812351720406004e+05
-1.142801431058513699e+05
-1.186327063409959374e+05
-1.231445890258354193e+05
-1.278216838023190212e+05
-1.326701228371515172e+05
-1.376962895167051174e+05
-1.429068308550096117e+05
-1.483086706663940859e+05
-1.539090235628291266e+05
-1.597154098376481852e+05
-1.657356713048917009e+05
-1.719779881698816025e+05
-1.784508970131143287e+05
-1.851633099773396098e+05
-1.921245352567661030e+05
-1.993442989971078350e+05
-2.068327687244074768e+05
-2.146005784348384186e+05
-2.226588554894569388e+05
-2.310192494722870470e+05
-2.396939631888499716e+05
-2.486957859980583307e+05
-2.580381296951590339e+05
-2.677350671821766882e+05
-2.778013741939553875e+05
-2.882525743743847124e+05
-2.991049880330166197e+05
-3.103757849504337064e+05
-3.220830416439897963e+05
-3.342458035581164877e+05
-3.468841526956537273e+05
-3.600192812758138170e+05
-3.736735720778414980e+05
-3.878706862129355432e+05
-4.026356591701103607e+05
-4.179950060906275758e+05
-4.339768373605012894e+05
-4.506109857631750638e+05
-4.679291466123063583e+05
-4.859650324913519435e+05
-5.047545444727283320e+05
-5.243359619726556120e+05
-5.447501537374511827e+05
-5.660408128546994412e+05
-5.882547191547479015e+05
-6.114420329363617348e+05
-6.356566246216577711e+05
-6.609564457586933859e+05
-6.874039477675692178e+05
-7.150665560153695988e+05
-7.440172082422154490e+05
-7.743349681441673310e+05
-8.061057270742120454e+05
-8.394230095395371318e+05
-8.743889015046752756e+05
-9.111151247249091975e+05
-9.497242856158571085e+05
-9.903513338986209128e+05
-1.033145274851257447e+06
-1.078271190077615669e+06
-1.125912636131837731e+06
-1.176274509227594594e+06
-1.229586489323485410e+06
-1.286107210390876979e+06
-1.346129349069277756e+06
-1.409985886066488922e+06
-1.478057880987856770e+06
-1.550784222787688021e+06
-1.628673991826216690e+06
-1.712322322351535084e+06
-1.802431028964498779e+06
-1.899835827894846676e+06
-2.005542862556410255e+06
-2.120778639835278038e+06
-2.247059770721951034e+06
-2.386292780767165590e+06
-2.540921067475581542e+06
-2.714148613017868251e+06
-2.910294362943773158e+06
-3.135381387638194021e+06
-3.398177012125192676e+06
-3.712175834786409047e+06
-4.099787834659126122e+06
-4.602556208695407026e+06
-5.312304300705814734e+06
-6.514389253045571968e+06
-1.310056207398143038e+07
nan
nan
nan
nan
nan
nan
nan
nan
nan
nan
nan
nan
nan
nan
nan
nan
nan
nan
nan
nan
nan
nan
nan
nan
nan
nan
nan
nan
nan
nan
nan
nan
nan
nan
nan
nan
nan
nan
nan
nan
nan
nan
nan
nan
nan
nan
nan
nan
nan
nan
nan
nan
nan
nan
nan
nan
nan
nan
nan
nan
nan
nan
nan
nan
nan
nan
nan
nan
nan
nan
nan
nan
nan
nan
nan
nan
nan
nan
nan
nan
nan
nan
nan
nan
nan
nan
nan
nan
nan
nan
nan
nan
nan
nan
nan
nan
nan
nan
nan
nan
nan
