4.269647389665101045e-01
4.389387934066049657e-01
4.512486536823627770e-01
4.639037373792270769e-01
4.769137257878626746e-01
4.902885720656776636e-01
5.040385081050151594e-01
5.181740531138285810e-01
5.327060214140175720e-01
5.476455299636037166e-01
5.630040078738330900e-01
5.787932048973495336e-01
5.950251999216998877e-01
6.117124112163075944e-01
6.288676041778543668e-01
6.465039036121456029e-01
6.646348010078660939e-01
6.832741671316394649e-01
7.024362613800511079e-01
7.221357431967638796e-01
7.423876827857542882e-01
7.632075733969552189e-01
7.846113424323923891e-01
8.066153638808302162e-01
8.292364713534450260e-01
8.524919699548181296e-01
8.763996507890322585e-01
9.009778028072549239e-01
9.262452290703169222e-01
9.522212588676624012e-01
9.789257640243175240e-01
1.006379173849655695e+00
1.034602490015940734e+00
1.063617303632705680e+00
1.093445810516658234e+00
1.124110829926635802e+00
1.155635820019920379e+00
1.188044897554747070e+00
1.221362855092033017e+00
1.255615180714328982e+00
1.290828076776849409e+00
1.327028480960285917e+00
1.364244086123800326e+00
1.402503361499866541e+00
1.441835574722414970e+00
1.482270814218803023e+00
1.523840012233159902e+00
1.566574967736417801e+00
1.610508372265921695e+00
1.655673833673208195e+00
1.702105901841393543e+00
1.749840095870557555e+00
1.798912930998840087e+00
1.849361946035330106e+00
1.901225732327891604e+00
1.954543963288067010e+00
2.009357425495845728e+00
2.065708048389085505e+00
2.123638937093843548e+00
2.183194405903767343e+00
2.244420011423262196e+00
2.307362587664572917e+00
2.372070281370483258e+00
2.438592590104659674e+00
2.506980398595630266e+00
2.577286018922372968e+00
2.649563229013483401e+00
2.723867315797315669e+00
2.800255115217089585e+00
2.878785057719305485e+00
2.959517211430355843e+00
3.042513328853294841e+00
3.127836893592507383e+00
3.215553169656282240e+00
3.305729250869143598e+00
3.398434111170159699e+00
3.493738659627657395e+00
3.591715792394484463e+00
3.692440449712496964e+00
3.795989672714327856e+00
3.902442662830837072e+00
4.011880841347637450e+00
4.124387912415577340e+00
4.240049926797437863e+00
4.358955347907677691e+00
4.481195119200048538e+00
4.606862732683506323e+00
4.736054302663310622e+00
4.868868636953116891e+00
5.005407313413847703e+00
5.145774757598771565e+00
5.290078322327308236e+00
5.438428369490595493e+00
5.590938354647205344e+00
5.747724914006167474e+00
5.908907952796320195e+00
6.074610737669093652e+00
6.244959989891884611e+00
6.420085983440693589e+00
6.600122642791239613e+00
6.785207647263295172e+00
6.975482534456824979e+00
7.171092808896474935e+00
7.372188053701618671e+00
7.578922044107729405e+00
7.791452864935511258e+00
8.009943031860196072e+00
8.234559615036978641e+00
8.465474366720314947e+00
8.702863852176005111e+00
8.946909585295200529e+00
9.197798165940985982e+00
9.455721423456605379e+00
9.720876562626125761e+00
9.993466313755858366e+00
1.027369908819248678e+01
1.056178913693797838e+01
1.085795671419073471e+01
1.116242824547366297e+01
1.147543649994787174e+01
1.179722076881364501e+01
1.212802704666407294e+01
1.246810822070625413e+01
1.281772426220378769e+01
1.317714242532626656e+01
1.354663745102123684e+01
1.392649177634307911e+01
1.431699574936716424e+01
1.471844785189752081e+01
1.513115492504773840e+01
1.555543240499324931e+01
1.599160456219044946e+01
1.644000474834703240e+01
1.690097565176940009e+01
1.737486955654173215e+01
1.786204861250720199e+01
1.836288511021741598e+01
1.887776176508367953e+01
1.940707200792178000e+01
1.995122028539466896e+01
2.051062236727202759e+01
2.108570566332009477e+01
2.167690954843926221e+01
2.228468569718205217e+01
2.290949842679040671e+01
2.355182505157860362e+01
2.421215624462697491e+01
2.489099641159875631e+01
2.558886407494613024e+01
2.630629226676368049e+01
2.704382893487682082e+01
2.780203735894755468e+01
2.858149657863496174e+01
2.938280183348948071e+01
3.020656501465337840e+01
3.105341513004490039e+01
3.192399878160200544e+01
3.281898065657696151e+01
3.373904403117870743e+01
3.468489128973677538e+01
3.565724445723250824e+01
3.665684574663359285e+01
3.768445812211990642e+01
3.874086587745293997e+01
3.982687522983720640e+01
4.094331493098592034e+01
4.209103689498385847e+01
4.327091684350487810e+01
4.448385496839620146e+01
4.573077661321270426e+01
4.701263297338505964e+01
4.833040181495181287e+01
4.968508821519856866e+01
5.107772532148800337e+01
5.250937513145726854e+01
5.398112929689089157e+01
5.549410994612686210e+01
5.704947053245464161e+01
5.864839670418141537e+01
6.029210719876422075e+01
6.198185476145054196e+01
6.371892709039393310e+01
6.550464780651012120e+01
6.734037744919677948e+01
6.922751450275737284e+01
7.116749644610631265e+01
7.316180083627928354e+01
7.521194641803398895e+01
7.731949426470613673e+01
7.948604895163144590e+01
8.171325976074714958e+01
8.400282191685064959e+01
8.635647786045693408e+01
8.877601855239366557e+01
9.126328481698689643e+01
9.382016871849340589e+01
9.644861497861749910e+01
9.915062242976510731e+01
1.019282455095534914e+02
1.047835957946051764e+02
1.077188435774216231e+02
1.107362194852906185e+02
1.138380161427764534e+02
1.170265898797166955e+02
1.203043624858156448e+02
1.236738230117921233e+02
1.271375296191585420e+02
1.306981114821259098e+02
1.343582707371851086e+02
1.381207844878277911e+02
1.419885068626426232e+02
1.459643711287687040e+02
1.500513918609757980e+02
1.542526671705929857e+02
1.585713809935828351e+02
1.630108054383475178e+02
1.675743031998549100e+02
1.722653300334771984e+02
1.770874372991423513e+02
1.820442745698514386e+02
1.871395923125532477e+02
1.923772446374747460e+02
1.977611921219040596e+02
2.032955047087495188e+02
2.089843646806673689e+02
2.148320697144015412e+02
2.208430360137051878e+02
2.270218015260350910e+02
2.333730292434076148e+02
2.399015105900298295e+02
2.466121688973725838e+02
2.535100629723704060e+02
2.606003907568055524e+02
2.678884930819739338e+02
2.753798575233634551e+02
2.830801223512463025e+02
2.909950805874267985e+02
2.991306841649686703e+02
3.074930481945197016e+02
3.160884553419988947e+02
3.249233603178539056e+02
3.340043944808542165e+02
3.433383705596047548e+02
3.529322874958536431e+02
3.627933354081778248e+02
3.729289006842049048e+02
3.833465711997265544e+02
3.940541416699777528e+02
4.050596191362650984e+02
4.163712285885243887e+02
4.279974187300979338e+02
4.399468678841295173e+02
4.522284900497451758e+02
4.648514411045845236e+02
4.778251251629843068e+02
4.911592010890025222e+02
5.048635891709644739e+02
5.189484779553952194e+02
5.334243312513846149e+02
5.483018953010014229e+02
5.635922061253933180e+02
5.793065970450351188e+02
5.954567063826993945e+02
6.120544853457664658e+02
6.291122061003064800e+02
6.466424700313310723e+02
6.646582161991149178e+02
6.831727299940368994e+02
7.021996519894931907e+02
7.217529870022539171e+02
7.418471133595753599e+02
7.624967923791956537e+02
7.837171780622209099e+02
8.055238270099929423e+02
8.279327085570650979e+02
8.509602151339861393e+02
8.746231728603096371e+02
8.989388523669762208e+02
9.239249798577203592e+02
9.495997484098289760e+02
9.759818295161071546e+02
1.003090384875311429e+03
1.030945078428803072e+03
1.059566088655164322e+03
1.088974121112710236e+03
1.119190421247265704e+03
1.150236787456486582e+03
1.182135584420159830e+03
1.214909756696366230e+03
1.248582842586908782e+03
1.283178988273090226e+03
1.318722962224353523e+03
1.355240169884584475e+03
1.392756668633758409e+03
1.431299183025601224e+03
1.470895120312344488e+03
1.511572586242549733e+03
1.553360401146785989e+03
1.596288116303683182e+03
1.640386030591710323e+03
1.685685207421340237e+03
1.732217491950022804e+03
1.780015528588055986e+03
1.829112778777112453e+03
1.879543539053919403e+03
1.931342959397477671e+03
1.984547061847431223e+03
2.039192759406246751e+03
2.095317875210098464e+03
2.152961161967639782e+03
2.212162321678250464e+03
2.272962025599554636e+03
2.335401934483794776e+03
2.399524719065518184e+03
2.465374080799401327e+03
2.532994772842968359e+03
2.602432621278679562e+03
2.673734546557885096e+03
2.746948585186677974e+03
2.822123911607215177e+03
2.899310860302146921e+03
2.978560948094128889e+03
3.059926896626451253e+03
3.143462655040242225e+03
3.229223422797938838e+03
3.317265672687752158e+03
3.407647173952541380e+03
3.500427015566266618e+03
3.595665629621023982e+03
3.693424814826414149e+03
3.793767760091561740e+03
3.896759068195691270e+03
4.002464779506326977e+03
4.110952395746339789e+03
4.222290903792270910e+03
4.336550799476623979e+03
4.453804111380512950e+03
4.574124424596931021e+03
4.697586904463296378e+03
4.824268320193823456e+03
4.954247068459349066e+03
5.087603196832284084e+03
5.224418427117815554e+03
5.364776178516125583e+03
5.508761590618503760e+03
5.656461546210938650e+03
5.807964693842535780e+03
5.963361470154386552e+03
6.122744121941000230e+03
6.286206727914398471e+03
6.453845220140006859e+03
6.625757405157314679e+03
6.802042984695227460e+03
6.982803576018775857e+03
7.168142731855097736e+03
7.358165959862228192e+03
7.552980741639992630e+03
7.752696551240477675e+03
7.957424873179717906e+03
8.167279219867968095e+03
8.382375148519908180e+03
8.602830277440196369e+03
8.828764301712448287e+03
9.060299008229294486e+03
9.297558290120299716e+03
9.540668160420806089e+03
9.789756765122823708e+03
1.004495439542874010e+04
1.030639349933912672e+04
1.057420869242863955e+04
1.084853676787644326e+04
1.112951670572179319e+04
1.141728968125090068e+04
1.171199907267464005e+04
1.201379046785842547e+04
1.232281167031966288e+04
1.263921270430392906e+04
1.296314581901710881e+04
1.329476549204866387e+04
1.363422843184096928e+04
1.398169357937623499e+04
1.433732210890986607e+04
1.470127742790391858e+04
1.507372517603659981e+04
1.545483322338322978e+04
1.584477166769681935e+04
1.624371283088946257e+04
1.665183125460819429e+04
1.706930369501395762e+04
1.749630911672540969e+04
1.793302868596448025e+04
1.837964576287936507e+04
1.883634589310380034e+04
1.930331679860607255e+04
1.978074836771132323e+04
2.026883264447015608e+04
2.076776381732097798e+04
2.127773820706601691e+04
2.179895425422091648e+04
2.233161250575526356e+04
2.287591560120957365e+04
2.343206825831274546e+04
2.400027725800782719e+04
2.458075142899691127e+04
2.517370163185013371e+04
2.577934074268026234e+04
2.639788363634804409e+04
2.702954716937945341e+04
2.767455016255454393e+04
2.833311338306067410e+04
2.900545952660614421e+04
2.969181319910436650e+04
3.039240089824211464e+04
3.110745099491537985e+04
3.183719371446451623e+04
3.258186111788491326e+04
3.334168708289675124e+04
3.411690728507781751e+04
3.490775917889231641e+04
3.571448197881603846e+04
3.653731664057663875e+04
3.737650584225908096e+04
3.823229396581862238e+04
3.910492707855338813e+04
3.999465291469717340e+04
4.090172085743980278e+04
4.182638192081285524e+04
4.276888873216768843e+04
4.372949551461177907e+04
4.470845806983817602e+04
4.570603376128258969e+04
4.672248149739897781e+04
4.775806171545638063e+04
4.881303636548775830e+04
4.988766889467264991e+04
5.098222423188962421e+04
5.209696877279462205e+04
5.323217036510873004e+04
5.438809829429085221e+04
5.556502326956114848e+04
5.676321741013026622e+04
5.798295423193055467e+04
5.922450863459146785e+04
6.048815688867517019e+04
6.177417662327228754e+04
6.308284681386280135e+04
6.441444777055809391e+04
6.576926112630141142e+04
6.714756982575260918e+04
6.854965811400389066e+04
6.997581152565777302e+04
7.142631687421801325e+04
7.290146224133622309e+04
7.440153696654044325e+04
7.592683163679987774e+04
7.747763807624916080e+04
7.905424933613876055e+04
8.065695968459191499e+04
8.228606459644033748e+04
8.394186074309823744e+04
8.562464598225305963e+04
8.733471934757045528e+04
8.907238103817500814e+04
9.083793240826003603e+04
9.263167595586334937e+04
9.445391531225643121e+04
9.630495523039142427e+04
9.818510157330812945e+04
1.000946613023823156e+05
1.020339424649562861e+05
1.040032541815298609e+05
1.060029066328559129e+05
1.080332110460712283e+05
1.100944796809559630e+05
1.121870258149245637e+05
1.143111637279588904e+05
1.164672086868668121e+05
1.186554769285510265e+05
1.208762856430840475e+05
1.231299529556912457e+05
1.254167979081155790e+05
1.277371404392622499e+05
1.300913013649640197e+05
1.324796023567317170e+05
1.349023659200971015e+05
1.373599153716643341e+05
1.398525748149818101e+05
1.423806691163776268e+05
1.449445238787742855e+05
1.475444654150681745e+05
1.501808207203559286e+05
1.528539174430039129e+05
1.555640838547218300e+05
1.583116488196474384e+05
1.610969417619844025e+05
1.639202926325447042e+05
1.667820318746487319e+05
1.696824903882065846e+05
1.726219994926072832e+05
1.756008908891824540e+05
1.786194966215426975e+05
1.816781490348575753e+05
1.847771807346916466e+05
1.879169245433392935e+05
1.910977134559667902e+05
1.943198805948782247e+05
1.975837591630583047e+05
2.008896823954315332e+05
2.042379835103462974e+05
2.076289956586242188e+05
2.110630518717782688e+05
2.145404850089188840e+05
2.180616277026426978e+05
2.216268123035064491e+05
2.252363708229553013e+05
2.288906348758943204e+05
2.325899356211587146e+05
2.363346037013208261e+05
2.401249691814539256e+05
2.439613614862994000e+05
2.478441093363788386e+05
2.517735406835191534e+05
2.557499826448710810e+05
2.597737614358233986e+05
2.638452023022288340e+05
2.679646294508526335e+05
2.721323659804161871e+05
2.763487338096595486e+05
2.806140536064315238e+05
2.849286447139846859e+05
2.892928250784909469e+05
2.937069111738844658e+05
2.981712179269152693e+05
3.026860586414056597e+05
3.072517449213992222e+05
3.118685865939360810e+05
3.165368916311379289e+05
3.212569660714548663e+05
3.260291139407390147e+05
3.308536371726663783e+05
3.357308355283067212e+05
3.406610065153845353e+05
3.456444453077804064e+05
3.506814446641096147e+05
3.557722948454490397e+05
3.609172835336370626e+05
3.661166957493477967e+05
3.713708137691791635e+05
3.766799170433400432e+05
3.820442821126617491e+05
3.874641825264123618e+05
3.929398887583489995e+05
3.984716681249524700e+05
4.040597847022732021e+05
4.097044992433040170e+05
4.154060690948409028e+05
4.211647481164048077e+05
4.269807865968344267e+05
4.328544311730779009e+05
4.387859247483978979e+05
4.447755064113247208e+05
4.508234113551697228e+05
4.569298707962501794e+05
4.630951118960564490e+05
4.693193576800334849e+05
4.756028269597318722e+05
4.819457342545429710e+05
4.883482897135716048e+05
4.948106990394230234e+05
5.013331634113222244e+05
5.079158794102804968e+05
5.145590389441029984e+05
5.212628291736293468e+05
5.280274324402507627e+05
5.348530261928881519e+05
5.417397829180082772e+05
5.486878700690304395e+05
5.556974499971946934e+05
5.627686798833906651e+05
5.699017116719806800e+05
5.770966920036501251e+05
5.843537621519686654e+05
5.916730579591449350e+05
5.990547097737898584e+05
6.064988423894130392e+05
6.140055749858164927e+05
6.215750210686309729e+05
6.292072884134001797e+05
6.369024790088465670e+05
6.446606890028152848e+05
6.524820086483741179e+05
6.603665222515132045e+05
6.683143081214502454e+05
6.763254385209975298e+05
6.843999796184154693e+05
6.925379914412784856e+05
7.007395278312775772e+05
7.090046364014860010e+05
7.173333584925228497e+05
7.257257291327767307e+05
7.341817769993524998e+05
7.427015243790759705e+05
7.512849871330185561e+05
7.599321746598760365e+05
7.686430898630404845e+05
7.774177291181748733e+05
7.862560822412085254e+05
7.951581324588498101e+05
8.041238563802263234e+05
8.131532239685106324e+05
8.222461985158153111e+05
8.314027366164957639e+05
8.406227881447533146e+05
8.499062962316705380e+05
8.592531972413719632e+05
8.686634207523482619e+05
8.781368895364509663e+05
8.876735195398270153e+05
8.972732198640604038e+05
9.069358927495749667e+05
9.166614335573597346e+05
9.264497307545189979e+05
9.363006658956930041e+05
9.462141136095994152e+05
9.561899415835972177e+05
9.662280105475974269e+05
9.763281742605943000e+05
9.864902794955563731e+05
9.967141660239484627e+05
1.006999666601540754e+06
1.017346606953745242e+06
1.027754805758053204e+06
1.038224074630909367e+06
1.048754218106981134e+06
1.059345033626507269e+06
1.069996311513382243e+06
1.080707834957053186e+06
1.091479379992152099e+06
1.102310715477338759e+06
1.113201603071305668e+06
1.124151797208029311e+06
1.135161045071725966e+06
1.146229086566287326e+06
1.157355654287983431e+06
1.168540473490862409e+06
1.179783262052254751e+06
1.191083730437059188e+06
1.202441581655477639e+06
1.213856511222251225e+06
1.225328207110237330e+06
1.236856349701106083e+06
1.248440611732133664e+06
1.260080658243157668e+06
1.271776146513282787e+06
1.283526726001021452e+06
1.295332038272426929e+06
1.307191716931801988e+06
1.319105387544878758e+06
1.331072667555559892e+06
1.343093166202086024e+06
1.355166484421532834e+06
1.367292214757295325e+06
1.379469941253320081e+06
1.391699239346437855e+06
1.403979675751606468e+06
1.416310808341594646e+06
1.428692186016806867e+06
1.441123348575206473e+06
1.453603826565561583e+06
1.466133141141402069e+06
1.478710803905562032e+06
1.491336316741790390e+06
1.504009171644759597e+06
1.516728850538440514e+06
1.529494825083370786e+06
1.542306556481812848e+06
1.555163495265359292e+06
1.568065081076213624e+06
1.581010742441561073e+06
1.593999896531083621e+06
1.607031948910324601e+06
1.620106293274645461e+06
1.633222311180077028e+06
1.646379371759164613e+06
1.659576831418052549e+06
1.672814033532536821e+06
1.686090308121641865e+06
1.699404971508903429e+06
1.712757325972461142e+06
1.726146659379175864e+06
1.739572244800706394e+06
1.753033340115888277e+06
1.766529187599763507e+06
1.780059013487850083e+06
1.793622027531049447e+06
1.807217422525604488e+06
1.820844373828144046e+06
1.834502038851656718e+06
1.848189556535355514e+06
1.861906046799271833e+06
1.875650609975797357e+06
1.889422326214576140e+06
1.903220254866828909e+06
1.917043433847444830e+06
1.930890878963275114e+06
1.944761583224709611e+06
1.958654516120969085e+06
1.972568622870676918e+06
1.986502823643797776e+06
2.000456012746762484e+06
2.014427057779453229e+06
2.028414798758016666e+06
2.042418047199126100e+06
2.056435585167484824e+06
2.070466164290290792e+06
2.084508504721358186e+06
2.098561294072940014e+06
2.112623186294990592e+06
2.126692800515174400e+06
2.140768719825550448e+06
2.154849490017791279e+06
2.168933618273948785e+06
2.183019571790902875e+06
2.197105776351826731e+06
2.211190614834767766e+06
2.225272425663099624e+06
2.239349501178361010e+06
2.253420085947895888e+06
2.267482375003402121e+06
2.281534511988471728e+06
2.295574587237696163e+06
2.309600635758084245e+06
2.323610635125256609e+06
2.337602503283814527e+06
2.351574096243910957e+06
2.365523205670713913e+06
2.379447556363156531e+06
2.393344803612207994e+06
2.407212530434644315e+06
2.421048244671493303e+06
2.434849375944375992e+06
2.448613272469586227e+06
2.462337197706607170e+06
2.476018326844844501e+06
2.489653743104645982e+06
2.503240433860373218e+06
2.516775286556152627e+06
2.530255084410266485e+06
2.543676501897277310e+06
2.557036099979184568e+06
2.570330321091973223e+06
2.583555483856492210e+06
2.596707777485922445e+06
2.609783255903691053e+06
2.622777831504769623e+06
2.635687268587158527e+06
2.648507176381923258e+06
2.661233001688533463e+06
2.673860021072894335e+06
2.686383332599872258e+06
2.698797847055526450e+06
2.711098278646589722e+06
2.723279135106638540e+06
2.735334707187045366e+06
2.747259057476877701e+06
2.759046008498499636e+06
2.770689130020659417e+06
2.782181725536214653e+06
2.793516817818693817e+06
2.804687133499741554e+06
2.815685086572990287e+06
2.826502760744157713e+06
2.837131890515390318e+06
2.847563840900335461e+06
2.857789585659576114e+06
2.867799683892496396e+06
2.877584254874409176e+06
2.887132950948153622e+06
2.896434928288890049e+06
2.905478815359956119e+06
2.914252678811959922e+06
2.922743986577659845e+06
2.930939567892319988e+06
2.938825569905824028e+06
2.946387410558478907e+06
2.953609727287317161e+06
2.960476321154556237e+06
2.966970095860342495e+06
2.973072991096093319e+06
2.978765909567950759e+06
2.984028636972919572e+06
2.988839754088581540e+06
2.993176540014758240e+06
2.997014865478013642e+06
3.000329074963586405e+06
3.003091856203496456e+06
3.005274095392733812e+06
3.006844716185837984e+06
3.007770500251845922e+06
3.008015886807931121e+06
3.007542748056816868e+06
3.006310137008467689e+06
3.004274003481765278e+06
3.001386873328462709e+06
2.997597485027755145e+06
2.992850376643433236e+06
2.987085414766999893e+06
2.980237255405037198e+06
2.972234724593817722e+06
2.963000104007733520e+06
2.952448303442385513e+06
2.940485898002597503e+06
2.927010002471885644e+06
2.911906948694819119e+06
2.895050722996412776e+06
2.876301109425944742e+06
2.855501469663133845e+06
2.832476070715296082e+06
2.807026845049682073e+06
2.778929431936790701e+06
2.747928299548128154e+06
2.713730678850830067e+06
2.675998943809987511e+06
2.634340933962749783e+06
2.588297513680347707e+06
2.537326362634439487e+06
2.480780537073589861e+06
2.417879634928926360e+06
2.347670270922483411e+06
2.268970716827668715e+06
2.180291416646152269e+06
2.079717529601026094e+06
1.964729381494463887e+06
1.831916672303320374e+06
1.676500629560784670e+06
1.491484569960550638e+06
1.266020448119640816e+06
9.819200738584784558e+05
6.050089755334649235e+05
5.811600281733234442e+04
-9.094755283427387476e+05
nan
nan
nan
nan
nan
nan
nan
nan
nan
nan
nan
nan
nan
nan
nan
nan
nan
nan
nan
nan
nan
nan
nan
nan
nan
nan
nan
nan
nan
nan
nan
nan
nan
nan
nan
nan
nan
nan
nan
nan
nan
nan
nan
nan
nan
nan
nan
nan
nan
nan
nan
nan
nan
nan
nan
nan
nan
nan
nan
nan
nan
nan
nan
nan
nan
nan
nan
nan
nan
nan
nan
nan
nan
nan
nan
nan
nan
nan
nan
nan
nan
nan
nan
nan
nan
nan
nan
nan
nan
nan
nan
nan
nan
nan
nan
nan
nan
nan
nan
nan
nan
nan
nan
nan
nan
nan
nan
nan
nan
nan
nan
nan
nan
nan
nan
nan
nan
nan
nan
nan
nan
nan
nan
nan
nan
nan
nan
nan
nan
nan
nan
nan
nan
nan
nan
nan
nan
nan
nan
nan
nan
nan
nan
nan
nan
nan
nan
nan
nan
nan
nan
nan
nan
nan
nan
nan
nan
nan
nan
