1.969766726218696168e-02
2.025008306846025341e-02
2.081799118482984684e-02
2.140182602103853429e-02
2.200203417554799645e-02
2.261907528299083106e-02
2.325342110585664618e-02
2.390555690247699733e-02
2.457598154698318466e-02
2.526520816529045921e-02
2.597376401807695648e-02
2.670219091066047129e-02
2.745104661440076962e-02
2.822090352473575342e-02
2.901235112036061950e-02
2.982599439793320872e-02
3.066245609632484853e-02
3.152237616801486370e-02
3.240641252036726566e-02
3.331524126293079063e-02
3.424955799102628873e-02
3.521007729896307586e-02
3.619753408731616467e-02
3.721268387788605886e-02
3.825630313067868854e-02
3.932919035233709004e-02
4.043216644642706054e-02
4.156607534788391012e-02
4.273178416139287311e-02
4.393018508828436253e-02
4.516219484455473443e-02
4.642875561999701417e-02
4.773083705430453821e-02
4.906943496711085873e-02
5.044557337850264639e-02
5.186030504129715557e-02
5.331471249735676710e-02
5.480990865357582981e-02
5.634703688335115923e-02
5.792727340637393585e-02
5.955182718507882195e-02
6.122194110158014208e-02
6.293889290647738943e-02
6.470399594652848085e-02
6.651860092986719430e-02
6.838409594172925599e-02
7.030190802075075851e-02
7.227350475137149510e-02
7.430039412436913182e-02
7.638412695691794430e-02
7.852629756912304915e-02
8.072854450642708013e-02
8.299255304790439935e-02
8.532005473582543464e-02
8.771283046578269571e-02
9.017271083694572420e-02
9.270157780778284784e-02
9.530136613873284313e-02
9.797406461906754682e-02
1.007217178399212876e-01
1.035464282621824383e-01
1.064503568242743253e-01
1.094357248368607038e-01
1.125048167030036073e-01
1.156599801459875371e-01
1.189036292696086794e-01
1.222382451460687358e-01
1.256663792241695943e-01
1.291906542769032384e-01
1.328137664081841529e-01
1.365384873670641985e-01
1.403676666698225883e-01
1.443042340356566200e-01
1.483512011193345859e-01
1.525116640704914373e-01
1.567888054020865618e-01
1.611858976808098476e-01
1.657063047793944088e-01
1.703534851992252463e-01
1.751309939628662715e-01
1.800424860970169794e-01
1.850917191701562103e-01
1.902825561709873547e-01
1.956189679654255775e-01
2.011050375866201556e-01
2.067449618567669123e-01
2.125430553485719021e-01
2.185037541965077768e-01
2.246316184782020109e-01
2.309313362149320870e-01
2.374077269543930224e-01
2.440657454599401421e-01
2.509104850013246790e-01
2.579471825117851114e-01
2.651812213334435731e-01
2.726181355915238691e-01
2.802636146820047247e-01
2.881235081277252474e-01
2.962038285468498455e-01
3.045107580128588176e-01
3.130506515321749839e-01
3.218300424072685906e-01
3.308556472387914060e-01
3.401343708104979102e-01
3.496733118818555752e-01
3.594797678638145810e-01
3.695612409071021842e-01
3.799254441435257479e-01
3.905803060841229191e-01
4.015339781940522879e-01
4.127948403781414588e-01
4.243715073889138822e-01
4.362728361795825682e-01
4.485079311682380609e-01
4.610861527210735056e-01
4.740171235534736405e-01
4.873107360984087477e-01
5.009771605825518170e-01
5.150268520459039268e-01
5.294705588542901742e-01
5.443193306712047486e-01
5.595845274139122916e-01
5.752778271964141821e-01
5.914112357635237238e-01
6.079970956864391152e-01
6.250480952974016846e-01
6.425772789057071499e-01
6.605980567809160986e-01
6.791242151627306933e-01
6.981699270597508944e-01
7.177497625954550875e-01
7.378787004088508406e-01
7.585721398695619566e-01
7.798459116063286567e-01
8.017162903725976175e-01
8.242000069987002187e-01
8.473142619510025675e-01
8.710767379889565731e-01
8.955056134443484250e-01
9.206195763813879163e-01
9.464378396583182917e-01
9.729801538583785492e-01
1.000266824420607881e+00
1.028318725164664826e+00
1.057157316277688386e+00
1.086804658962116088e+00
1.117283433341067500e+00
1.148616955797037154e+00
1.180829196317679575e+00
1.213944796829147910e+00
1.247989090563835335e+00
1.282988121181038110e+00
1.318968662198460429e+00
1.355958238480815758e+00
1.393985146795758689e+00
1.433078476457728678e+00
1.473268133345558617e+00
1.514584861777521496e+00
1.557060268033531703e+00
1.600726844531783266e+00
1.645617995449873527e+00
1.691768060764167858e+00
1.739212343784863890e+00
1.787987138162867362e+00
1.838129754393581505e+00
1.889678549877092495e+00
1.942672957248918530e+00
1.997153514801107255e+00
2.053161897493914978e+00
2.110740949084287887e+00
2.169934714401875020e+00
2.230788473541598815e+00
2.293348775996462585e+00
2.357663476518417678e+00
2.423781771469394553e+00
2.491754237214029555e+00
2.561632867786705070e+00
2.633471114921815737e+00
2.707323929187222422e+00
2.783247802009670036e+00
2.861300808637042614e+00
2.941542652798652124e+00
3.024034711871462999e+00
3.108840084069013354e+00
3.196023636947352475e+00
3.285652056516898512e+00
3.377793898987194066e+00
3.472519642191535638e+00
3.569901739481581515e+00
3.670014676637958217e+00
3.772935026821967242e+00
3.878741510125299996e+00
3.987515054016634419e+00
4.099338854215671901e+00
4.214298439307543553e+00
4.332481735380026677e+00
4.453979133247435662e+00
4.578883558058619130e+00
4.707290540343318952e+00
4.839298287775037011e+00
4.975007761762419989e+00
5.114522753871774796e+00
5.257949964906956986e+00
5.405399086979217671e+00
5.556982887342170052e+00
5.712817293328765977e+00
5.873021482709502195e+00
6.037717973767843027e+00
6.207032718433332263e+00
6.381095199783574756e+00
6.560038529734286250e+00
6.743999551506431267e+00
6.933118943434610770e+00
7.127541326951363665e+00
7.327415377335825042e+00
7.532893936283419301e+00
7.744134129181550641e+00
7.961297485379245309e+00
8.184550060569328878e+00
8.414062564883344919e+00
8.650010492265177930e+00
8.892574254251124799e+00
9.141939318999389386e+00
9.398296351165479123e+00
9.661841358490999454e+00
9.932775841465392830e+00
1.021130694666059924e+01
1.049764762487887815e+01
1.079201679370775580e+01
1.109463950463096360e+01
1.140574711429076160e+01
1.172557746207082197e+01
1.205437505034723600e+01
1.239239123130760589e+01
1.273988439925062366e+01
1.309712018696294855e+01
1.346437166812112984e+01
1.384191956660459333e+01
1.423005246960637749e+01
1.462906704723452300e+01
1.503926828024989604e+01
1.546096969087186146e+01
1.589449358256822720e+01
1.634017128551741749e+01
1.679834340917716773e+01
1.726936010113427855e+01
1.775358131496626157e+01
1.825137708352220756e+01
1.876312780111019762e+01
1.928922451303875718e+01
1.983006921324031424e+01
2.038607515068354559e+01
2.095766714384606644e+01
2.154528190364068152e+01
2.214936836591019542e+01
2.277038803365552155e+01
2.340881532702445256e+01
2.406513794557607966e+01
2.473985723734038089e+01
2.543348858196638673e+01
2.614656178119769336e+01
2.687962146177397216e+01
2.763322749052967353e+01
2.840795539821859350e+01
2.920439681751147631e+01
3.002315993248535619e+01
3.086486994050358490e+01
3.173016952658985090e+01
3.261971935100805098e+01
3.353419855214741574e+01
3.447430526004509233e+01
3.544075712673000567e+01
3.643429187126424296e+01
3.745566783758831519e+01
3.850566457116831032e+01
3.958508340803972203e+01
4.069474808321466242e+01
4.183550535452284436e+01
4.300822564296211681e+01
4.421380369281001776e+01
4.545315924808109287e+01
4.672723774899989735e+01
4.803701104642241404e+01
4.938347813730711522e+01
5.076766591948967999e+01
5.219062996873699944e+01
5.365345533429159985e+01
5.515725736013141756e+01
5.670318252556670302e+01
5.829240931202917153e+01
5.992614909002325874e+01
6.160564703464969938e+01
6.333218306215175630e+01
6.510707279671999004e+01
6.693166855882446953e+01
6.880736038548393196e+01
7.073557707500953029e+01
7.271778726205195653e+01
7.475550052214830998e+01
7.685026850624636552e+01
7.900368610498368582e+01
8.121739264785290402e+01
8.349307313264155539e+01
8.583245948876360387e+01
8.823733187587208704e+01
9.070952001786402263e+01
9.325090457317656956e+01
9.586341854093278414e+01
9.854904870811424189e+01
1.013098371342699267e+02
1.041478826765232242e+02
1.070653425569120571e+02
1.100644339720255118e+02
1.131474357454820847e+02
1.163166900263367296e+02
1.195746040325181099e+02
1.229236518427845084e+02
1.263663762347723178e+02
1.299053905750715501e+02
1.335433807593049664e+02
1.372831072035406805e+02
1.411274068912216819e+02
1.450791954734119997e+02
1.491414694268842993e+02
1.533173082686474800e+02
1.576098768307883802e+02
1.620224275957506563e+02
1.665583030953752939e+02
1.712209383709477208e+02
1.760138635029715886e+02
1.809407062037680873e+02
1.860051944833871573e+02
1.912111593831211849e+02
1.965625377838320844e+02
2.020633752858804826e+02
2.077178291686790885e+02
2.135301714253065768e+02
2.195047918789601056e+02
2.256462013812197540e+02
2.319590350936172172e+02
2.384480558557215772e+02
2.451181576419430996e+02
2.519743691079951873e+02
2.590218572297779929e+02
2.662659310381692421e+02
2.737120454503847213e+02
2.813658051993275535e+02
2.892329688678184425e+02
2.973194530231436943e+02
3.056313364624335236e+02
3.141748645637413802e+02
3.229564537510104287e+02
3.319826960725507661e+02
3.412603638965739492e+02
3.507964147262387655e+02
3.605979961388247261e+02
3.706724508469660009e+02
3.810273218910625133e+02
3.916703579615464150e+02
4.026095188532251541e+02
4.138529810602987595e+02
4.254091435078121890e+02
4.372866334279054286e+02
4.494943123809201211e+02
4.620412824271430736e+02
4.749368924496147883e+02
4.881907446334641349e+02
5.018127011028119000e+02
5.158128907217432015e+02
5.302017160590876301e+02
5.449898605225716892e+02
5.601882956660987247e+02
5.758082886713646076e+02
5.918614100091607497e+02
6.083595412835034040e+02
6.253148832621725433e+02
6.427399640962069043e+02
6.606476477322439678e+02
6.790511425237632466e+02
6.979640100390599855e+02
7.174001740777778195e+02
7.373739298893473233e+02
7.578999536075435799e+02
7.789933118970300256e+02
8.006694718184307931e+02
8.229443109130604626e+02
8.458341275193103002e+02
8.693556513086613222e+02
8.935260540609465352e+02
9.183629606728715089e+02
9.438844604029712855e+02
9.701091183636094684e+02
9.970559872530334360e+02
1.024744619342136502e+03
1.053195078705931792e+03
1.082427953716271304e+03
1.112464369789684042e+03
1.143326002391884458e+03
1.175035090313916498e+03
1.207614449207341977e+03
1.241087485389217818e+03
1.275478209919216397e+03
1.310811252948702986e+03
1.347111878344108163e+03
1.384405998588850935e+03
1.422720189959861727e+03
1.462081707988467087e+03
1.502518503199736415e+03
1.544059237130894644e+03
1.586733298641938291e+03
1.630570820496916895e+03
1.675602696238735462e+03
1.721860597343336622e+03
1.769376990657176748e+03
1.818185156117699080e+03
1.868319204755890041e+03
1.919814096979724127e+03
1.972705661132787100e+03
2.027030612334362559e+03
2.082826571589562263e+03
2.140132085175750035e+03
2.198986644289747346e+03
2.259430704971163323e+03
2.321505708269855859e+03
2.385254100688544895e+03
2.450719354857107646e+03
2.517945990468298078e+03
2.586979595443897779e+03
2.657866847333284113e+03
2.730655534942236045e+03
2.805394580179704462e+03
2.882134060104711352e+03
2.960925229188173944e+03
3.041820541756138027e+03
3.124873674622173439e+03
3.210139549880017057e+03
3.297674357867174422e+03
3.387535580273099185e+03
3.479782013377765907e+03
3.574473791420643010e+03
3.671672410070229489e+03
3.771440750000746903e+03
3.873843100528844388e+03
3.978945183335920774e+03
4.086814176217915701e+03
4.197518736883508609e+03
4.311129026755938867e+03
4.427716734760559120e+03
4.547355101114009813e+03
4.670118941046800501e+03
4.796084668473085003e+03
4.925330319577275986e+03
5.057935576291853977e+03
5.193981789652074440e+03
5.333552003000228069e+03
5.476730975028303874e+03
5.623605202615464805e+03
5.774262943447840371e+03
5.928794238415459404e+03
6.087290933717780717e+03
6.249846702713316517e+03
6.416557067415865276e+03
6.587519419692762312e+03
6.762833042070431475e+03
6.942599128171603297e+03
7.126920802721229848e+03
7.315903141126176706e+03
7.509653188592134939e+03
7.708279978744876644e+03
7.911894551750806386e+03
8.120609971879965087e+03
8.334541344533210577e+03
8.553805832658354120e+03
8.778522672584449538e+03
9.008813189206526658e+03
9.244800810519798688e+03
9.486611081483497401e+03
9.734371677189361435e+03
9.988212415320085711e+03
1.024826526784906491e+04
1.051466437203580062e+04
1.078754604058785117e+04
1.106704877110253256e+04
1.135331325465453847e+04
1.164648238362087068e+04
1.194670125861976521e+04
1.225411719468068623e+04
1.256887972649122275e+04
1.289114061287928416e+04
1.322105384034571580e+04
1.355877562579365440e+04
1.390446441835932637e+04
1.425828090036493086e+04
1.462038798743402549e+04
1.499095082769603687e+04
1.537013680015289901e+04
1.575811551216100088e+04
1.615505879607614224e+04
1.656114070504546180e+04
1.697653750793974905e+04
1.740142768350393089e+04
1.783599191364352737e+04
1.828041307596916522e+04
1.873487623549974160e+04
1.919956863566878383e+04
1.967467968851982732e+04
2.016040096421579074e+04
2.065692617988722486e+04
2.116445118770290355e+04
2.168317396241177994e+04
2.221329458818914645e+04
2.275501524486789276e+04
2.330854019370333481e+04
2.387407576247539691e+04
2.445183033019654613e+04
2.504201431130921264e+04
2.564484013936431074e+04
2.626052225046034800e+04
2.688927706610308815e+04
2.753132297591886891e+04
2.818688031994248377e+04
2.885617137064711642e+04
2.953942031476455668e+04
3.023685323488898212e+04
3.094869809093816002e+04
3.167518470138825433e+04
3.241654472451310357e+04
3.317301163951627677e+04
3.394482072759712901e+04
3.473220905301810126e+04
3.553541544422368315e+04
3.635468047498499800e+04
3.719024644565254857e+04
3.804235736446713418e+04
3.891125892908046080e+04
3.979719850812372169e+04
4.070042512314074702e+04
4.162118943046026834e+04
4.255974370361596084e+04
4.351634181566674670e+04
4.449123922210458841e+04
4.548469294378888299e+04
4.649696155026607448e+04
4.752830514348200813e+04
4.857898534161628049e+04
4.964926526337190444e+04
5.073940951256755216e+04
5.184968416309743770e+04
5.298035674406003091e+04
5.413169622547584004e+04
5.530397300410718890e+04
5.649745888976903370e+04
5.771242709186680440e+04
5.894915220639449399e+04
6.020791020299018419e+04
6.148897841255632375e+04
6.279263551508555975e+04
6.411916152765907464e+04
6.546883779289368977e+04
6.684194696744470275e+04
6.823877301091699337e+04
6.965960117483888462e+04
7.110471799192267645e+04
7.257441126536992670e+04
7.406897005856389296e+04
7.558868468455379480e+04
7.713384669587521057e+04
7.870474887440774182e+04
8.030168522102406132e+04
8.192495094571751542e+04
8.357484245713848213e+04
8.525165735257380584e+04
8.695569440764214960e+04
8.868725356559921056e+04
9.044663592714208062e+04
9.223414373932944727e+04
9.405008038477614173e+04
9.589475037028007500e+04
9.776845931547641521e+04
9.967151394088246161e+04
1.016042220556237153e+05
1.035668925449664093e+05
1.055598353572346678e+05
1.075833614904233254e+05
1.096377829779411986e+05
1.117234128743991896e+05
1.138405652403359418e+05
1.159895551265236427e+05
1.181706985576406587e+05
1.203843125153922883e+05
1.226307149205174937e+05
1.249102246145912213e+05
1.272231613405723328e+05
1.295698457228474144e+05
1.319505992464641749e+05
1.343657442350858182e+05
1.368156038286415860e+05
1.393005019595568301e+05
1.418207633282580064e+05
1.443767133776738483e+05
1.469686782666213403e+05
1.495969848424683441e+05
1.522619606121446122e+05
1.549639337127659237e+05
1.577032328806986625e+05
1.604801874195243581e+05
1.632951271670681308e+05
1.661483824611749151e+05
1.690402841041549982e+05
1.719711633265147684e+05
1.749413517486602068e+05
1.779511813421350380e+05
1.810009843893390207e+05
1.840910934421061247e+05
1.872218412788284477e+05
1.903935608603915898e+05
1.936065852850384836e+05
1.968612477420919749e+05
2.001578814636699972e+05
2.034968196760283899e+05
2.068783955492622918e+05
2.103029421457243152e+05
2.137707923670526943e+05
2.172822789005104569e+05
2.208377341636062483e+05
2.244374902473601978e+05
2.280818788590697513e+05
2.317712312632114335e+05
2.355058782213469094e+05
2.392861499309571518e+05
2.431123759633625159e+05
2.469848851996003359e+05
2.509040057666523207e+05
2.548700649710617436e+05
2.588833892327192589e+05
2.629443040167370928e+05
2.670531337650264613e+05
2.712102018262061756e+05
2.754158303851169185e+05
2.796703403913985239e+05
2.839740514862755081e+05
2.883272819301059935e+05
2.927303485274377745e+05
2.971835665523386560e+05
3.016872496725792880e+05
3.062417098733608727e+05
3.108472573796559591e+05
3.155042005789580871e+05
3.202128459425519104e+05
3.249734979461716721e+05
3.297864589913523523e+05
3.346520293244958157e+05
3.395705069565836457e+05
3.445421875827895128e+05
3.495673645004502614e+05
3.546463285279715783e+05
3.597793679220848135e+05
3.649667682969654561e+05
3.702088125406430336e+05
3.755057807329922798e+05
3.808579500628481037e+05
3.862655947452858672e+05
3.917289859387771576e+05
3.972483916623537079e+05
4.028240767129180022e+05
4.084563025824053911e+05
4.141453273751552333e+05
4.198914057255701046e+05
4.256947887160228565e+05
4.315557237952516880e+05
4.374744546954212128e+05
4.434512213528480497e+05
4.494862598249443690e+05
4.555798022116247448e+05
4.617320765741546056e+05
4.679433068554077763e+05
4.742137128023507539e+05
4.805435098860489670e+05
4.869329092250765534e+05
4.933821175079361419e+05
4.998913369167952333e+05
5.064607650517968577e+05
5.130905948565913131e+05
5.197810145437041647e+05
5.265322075223566499e+05
5.333443523253129097e+05
5.402176225379941752e+05
5.471521867285313783e+05
5.541482083778074011e+05
5.612058458112945082e+05
5.683252521326142596e+05
5.755065751563163940e+05
5.827499573431127938e+05
5.900555357375389431e+05
5.974234419033196755e+05
6.048538018627237761e+05
6.123467360369642265e+05
6.199023591868602671e+05
6.275207803545468487e+05
6.352021028084257850e+05
6.429464239872549661e+05
6.507538354468194302e+05
6.586244228081170004e+05
6.665582657047810499e+05
6.745554377360311337e+05
6.826160064164608484e+05
6.907400331302492414e+05
6.989275730851464905e+05
7.071786752698066412e+05
7.154933824104761006e+05
7.238717309286444215e+05
7.323137509041862795e+05
7.408194660346026067e+05
7.493888935991966864e+05
7.580220444230254507e+05
7.667189228435498662e+05
7.754795266758885700e+05
7.843038471845270833e+05
7.931918690497801872e+05
8.021435703405343229e+05
8.111589224859965034e+05
8.202378902500950499e+05
8.293804317047304939e+05
8.385864982064192882e+05
8.478560343728334410e+05
8.571889780607491266e+05
8.665852603451272007e+05
8.760448054984745104e+05
8.855675309721380472e+05
8.951533473771751160e+05
9.048021584660133813e+05
9.145138611173887039e+05
9.242883453172779409e+05
9.341254941443074495e+05
9.440251837550775381e+05
9.539872833659749012e+05
9.640116552411343437e+05
9.740981546764685772e+05
9.842466299845430767e+05
9.944569224803271936e+05
1.004728866466828971e+06
1.015062289218020509e+06
1.025457010966454865e+06
1.035912844884599093e+06
1.046429597068698960e+06
1.057007066522878129e+06
1.067645045140459202e+06
1.078343317684016889e+06
1.089101661765712313e+06
1.099919847826825920e+06
1.110797639114413410e+06
1.121734791655031033e+06
1.132731054232680006e+06
1.143786168358094292e+06
1.154899868238416268e+06
1.166071880748922005e+06
1.177301925394543679e+06
1.188589714275971986e+06
1.199934952049018815e+06
1.211337335884163855e+06
1.222796555417747702e+06
1.234312292709243484e+06
1.245884222183787962e+06
1.257512010582261719e+06
1.269195316897871206e+06
1.280933792317971587e+06
1.292727080152031733e+06
1.304574815766308922e+06
1.316476626501749735e+06
1.328432131600435358e+06
1.340440942113954807e+06
1.352502660817149794e+06
1.364616882110223640e+06
1.376783191919072066e+06
1.389001167585903313e+06
1.401270377755767200e+06
1.413590382261033170e+06
1.425960731989520369e+06
1.438380968754959293e+06
1.450850625157022383e+06
1.463369224432128249e+06
1.475936280300232582e+06
1.488551296799415024e+06
1.501213768118725158e+06
1.513923178416557144e+06
1.526679001630901592e+06
1.539480701284756185e+06
1.552327730277992086e+06
1.565219530671695014e+06
1.578155533460792620e+06
1.591135158338326728e+06
1.604157813447404653e+06
1.617222895120278699e+06
1.630329787613180466e+06
1.643477862816881388e+06
1.656666479969440727e+06
1.669894985343754990e+06
1.683162711928044213e+06
1.696468979093199829e+06
1.709813092241821112e+06
1.723194342447501607e+06
1.736612006073291646e+06
1.750065344381103991e+06
1.763553603117872728e+06
1.777076012090414064e+06
1.790631784720197553e+06
1.804220117578912294e+06
1.817840189908071654e+06
1.831491163115602685e+06
1.845172180258013774e+06
1.858882365491573932e+06
1.872620823513437761e+06
1.886386638970498228e+06
1.900178875849675154e+06
1.913996576844453346e+06
1.927838762688972056e+06
1.941704431476022815e+06
1.955592557938636746e+06
1.969502092708633048e+06
1.983431961540157441e+06
1.997381064508128911e+06
2.011348275170977926e+06
2.025332439695574343e+06
2.039332375956738368e+06
2.053346872590631247e+06
2.067374688015833031e+06
2.081414549409051426e+06
2.095465151643799851e+06
2.109525156183703337e+06
2.123593189928451553e+06
2.137667844014246017e+06
2.151747672560096253e+06
2.165831191366908606e+06
2.179916876560805831e+06
2.194003163171347231e+06
2.208088443659720942e+06
2.222171066376578528e+06
2.236249333956480492e+06
2.250321501639909111e+06
2.264385775524093304e+06
2.278440310735400766e+06
2.292483209517940413e+06
2.306512519244672731e+06
2.320526230325646233e+06
2.334522274036138784e+06
2.348498520229463931e+06
2.362452774956707843e+06
2.376382777967661154e+06
2.390286200095822569e+06
2.404160640522745438e+06
2.418003623902492225e+06
2.431812597355315927e+06
2.445584927311202046e+06
2.459317896191893145e+06
2.473008698941341601e+06
2.486654439363566693e+06
2.500252126289079431e+06
2.513798669532656204e+06
2.527290875650461297e+06
2.540725443469050806e+06
2.554098959374899510e+06
2.567407892356101424e+06
2.580648588773574680e+06
2.593817266841003206e+06
2.606910010801531374e+06
2.619922764778848737e+06
2.632851326271516737e+06
2.645691339286839124e+06
2.658438287056433968e+06
2.671087484334813897e+06
2.683634069239148404e+06
2.696072994587378576e+06
2.708399018712535966e+06
2.720606695706633385e+06
2.732690365050424822e+06
2.744644140586156864e+06
2.756461898772213142e+06
2.768137266184713226e+06
2.779663606171192601e+06
2.791034004626221489e+06
2.802241254790344276e+06
2.813277840993620455e+06
2.824135921269148123e+06
2.834807308728451375e+06
2.845283451585628092e+06
2.855555411730335560e+06
2.865613841693622526e+06
2.875448959886625409e+06
2.885050523930715863e+06
2.894407801914012525e+06
2.903509541373183485e+06
2.912343935770030599e+06
2.920898588235870469e+06
2.929160472286228556e+06
2.937115889223534614e+06
2.944750421855368186e+06
2.952048884168624878e+06
2.958995266494521406e+06
2.965572675709310453e+06
2.971763269871377386e+06
2.977548186711936723e+06
2.982907465225069784e+06
2.987819959568827879e+06
2.992263244353387970e+06
2.996213510229256935e+06
2.999645448597837705e+06
3.002532124019996263e+06
3.004844832729539834e+06
3.006552945382725913e+06
3.007623731890879571e+06
3.008022165813478176e+06
3.007710705402872525e+06
3.006649047842632513e+06
3.004793852644564584e+06
3.002098429454349913e+06
2.998512384585430846e+06
2.993981219577916432e+06
2.988445873727197759e+06
2.981842200911278371e+06
2.974100369068870787e+06
2.965144168154010549e+06
2.954890209285558201e+06
2.943246993886785582e+06
2.930113826602804475e+06
2.915379539408970624e+06
2.898920986106813420e+06
2.880601255717660300e+06
2.860267539265539963e+06
2.837748565937959123e+06
2.812851499794378877e+06
2.785358154674211983e+06
2.755020339106867556e+06
2.721554079404499382e+06
2.684632379722201731e+06
2.643876050171534065e+06
2.598841948693536222e+06
2.549007708089086227e+06
2.493751605443207547e+06
2.432325591265438590e+06
2.363818481359809171e+06
2.287104659691272303e+06
2.200770850553984288e+06
2.103008634044279810e+06
1.991451444960528286e+06
1.862917591016177554e+06
1.712985590623620665e+06
1.535250334471305832e+06
1.319919868747141678e+06
1.050895503063874552e+06
6.988049181188386865e+05
2.005423163917860365e+05
-6.276608630446364405e+05
-3.227689430544229224e+06
nan
nan
nan
nan
nan
nan
nan
nan
nan
nan
nan
nan
nan
nan
nan
nan
nan
nan
nan
nan
nan
nan
nan
nan
nan
nan
nan
nan
nan
nan
nan
nan
nan
nan
nan
nan
nan
nan
nan
nan
nan
nan
nan
nan
nan
nan
nan
