1.110617120621213150e-01
1.141764042281618735e-01
1.173784468446935347e-01
1.206702893933259413e-01
1.240544508377924016e-01
1.275335197923227193e-01
1.311101582649442376e-01
1.347871019341753407e-01
1.385671645023783816e-01
1.424532373418631870e-01
1.464482939638275805e-01
1.505553902858968174e-01
1.547776689835001218e-01
1.591183596260729582e-01
1.635807834237434644e-01
1.681683542446415214e-01
1.728845817446092448e-01
1.777330742978895928e-01
1.827175407520810757e-01
1.878417947816816702e-01
1.931097565394374049e-01
1.985254561695281028e-01
2.040930368885380541e-01
2.098167584043323375e-01
2.157009994241367856e-01
2.217502615117342424e-01
2.279691727809834978e-01
2.343624906803207508e-01
2.409351066485301840e-01
2.476920490964870658e-01
2.546384870039610226e-01
2.617797346334379549e-01
2.691212555976630894e-01
2.766686665338206064e-01
2.844277411548662982e-01
2.924044154207479096e-01
3.006047920810879792e-01
3.090351445914099049e-01
3.177019224177277112e-01
3.266117559723797359e-01
3.357714616894222348e-01
3.451880469852096622e-01
3.548687158813259579e-01
3.648208742541738103e-01
3.750521362715880103e-01
3.855703286966996601e-01
3.963834986507442371e-01
4.074999182531670594e-01
4.189280919618535992e-01
4.306767630851447426e-01
4.427549192087843477e-01
4.551718008374607272e-01
4.679369069585117002e-01
4.810600033161520073e-01
4.945511293834136679e-01
5.084206065458328760e-01
5.226790449954872297e-01
5.373373531071128362e-01
5.524067445322979886e-01
5.678987477801390460e-01
5.838252147932971869e-01
6.001983292639564427e-01
6.170306174625124207e-01
6.343349563159753624e-01
6.521245837665925471e-01
6.704131094031573479e-01
6.892145243746593541e-01
7.085432118414758396e-01
7.284139587418781980e-01
7.488419663475003318e-01
7.698428626563480481e-01
7.914327133402774272e-01
8.136280347949693681e-01
8.364458072837499536e-01
8.599034861671919217e-01
8.840190167706596380e-01
9.088108476134024727e-01
9.342979450299636612e-01
9.604998064212239006e-01
9.874364764345868739e-01
1.015128561545972863e+00
1.043597246329511563e+00
1.072864309673796201e+00
1.102952140175843976e+00
1.133883755298473961e+00
1.165682817715802067e+00
1.198373653167830399e+00
1.231981270334753242e+00
1.266531378208000325e+00
1.302050407523849263e+00
1.338565529975783486e+00
1.376104678757653410e+00
1.414696571192262997e+00
1.454370728937697033e+00
1.495157502089734969e+00
1.537088091644822851e+00
1.580194573369365196e+00
1.624509922593817102e+00
1.670068039188888243e+00
1.716903774005455352e+00
1.765052954778042471e+00
1.814552413537191544e+00
1.865440015795023720e+00
1.917754688500624249e+00
1.971536450077923774e+00
2.026826441035182391e+00
2.083666955436905610e+00
2.142101473764227659e+00
2.202174694661528154e+00
2.263932571145864880e+00
2.327422344246184327e+00
2.392692579390142349e+00
2.459793204057976634e+00
2.528775545466260155e+00
2.599692370337848502e+00
2.672597924242055001e+00
2.747547974354939804e+00
2.824599850850782357e+00
2.903812492005427348e+00
2.985246487766805679e+00
3.068964127858645696e+00
3.155029447645186114e+00
3.243508277871703704e+00
3.334468295759430934e+00
3.427979075244812268e+00
3.524112140694685369e+00
3.622941022857665949e+00
3.724541312572414942e+00
3.828990721087484950e+00
3.936369137716237532e+00
4.046758691689017695e+00
4.160243814679851049e+00
4.276911305125307372e+00
4.396850395331491690e+00
4.520152818691798302e+00
4.646912880575102101e+00
4.777227529912568826e+00
4.911196433315127230e+00
5.048922051762143148e+00
5.190509717920556376e+00
5.336067717410192479e+00
5.485707371575204050e+00
5.639543121812005566e+00
5.797692617542415938e+00
5.960276806378130843e+00
6.127420025802525316e+00
6.299250098180286805e+00
6.475898429707038773e+00
6.657500108795032290e+00
6.844194010309754717e+00
7.036122902181600303e+00
7.233433553222457846e+00
7.436276846016183661e+00
7.644807891677316114e+00
7.859186149104531616e+00
8.079575545772307521e+00
8.306144602951217593e+00
8.539066565425212474e+00
8.778519532296234829e+00
9.024686594263908290e+00
9.277755972422204067e+00
9.537921162504868988e+00
9.805381082118358904e+00
1.008034022287030851e+01
1.036300880674245306e+01
1.065360294556441545e+01
1.095234480648663400e+01
1.125946278181146276e+01
1.157519166280622258e+01
1.189977281837909118e+01
1.223345438054000667e+01
1.257649143196807984e+01
1.292914620214582122e+01
1.329168826591256547e+01
1.366439475036415629e+01
1.404755054498253486e+01
1.444144851942640528e+01
1.484638974713922543e+01
1.526268373341641826e+01
1.569064865367083428e+01
1.613061159323444471e+01
1.658290879847022836e+01
1.704788593230641425e+01
1.752589833769308214e+01
1.801731130838168937e+01
1.852250036627204111e+01
1.904185154875854025e+01
1.957576170205815203e+01
2.012463878321786481e+01
2.068890217007078292e+01
2.126898298255548880e+01
2.186532440796770160e+01
2.247838204033376286e+01
2.310862422668409621e+01
2.375653242246471919e+01
2.442260155787732145e+01
2.510734041567415531e+01
2.581127201589553266e+01
2.653493401515175165e+01
2.727887911444339153e+01
2.804367547935213523e+01
2.882990717164948435e+01
2.963817459297133539e+01
3.046909494167839227e+01
3.132330267976866622e+01
3.220145001601444790e+01
3.310420740069904610e+01
3.403226403412646306e+01
3.498632838921955823e+01
3.596712875017274769e+01
3.697541376344396014e+01
3.801195300535449206e+01
3.907753756666255640e+01
4.017298065076257529e+01
4.129911819061204881e+01
4.245680948099196428e+01
4.364693782999817984e+01
4.487041122744521715e+01
4.612816303126279394e+01
4.742115267466675732e+01
4.875036639130817662e+01
5.011681796048075910e+01
5.152154947446522470e+01
5.296563212441393631e+01
5.445016701055509145e+01
5.597628597343626211e+01
5.754515244777852701e+01
5.915796234023920874e+01
6.081594493217740904e+01
6.252036380539358618e+01
6.427251779552700839e+01
6.607374196920146403e+01
6.792540863073239166e+01
6.982892835373266394e+01
7.178575104317394562e+01
7.379736702580946428e+01
7.586530816999938054e+01
7.799114903685686784e+01
8.017650806217542936e+01
8.242304877247342176e+01
8.473248103151132682e+01
8.710656232342482497e+01
8.954709906885351245e+01
9.205594797926222839e+01
9.463501744498556434e+01
9.728626896501056365e+01
1.000117186121929649e+02
1.028134385401606323e+02
1.056935585308055749e+02
1.086542675836320484e+02
1.116978155485694657e+02
1.148265148024514275e+02
1.180427419718279083e+02
1.213489397010662429e+02
1.247476184696013206e+02
1.282413584576522396e+02
1.318328114621287455e+02
1.355247028644162128e+02
1.393198336511861726e+02
1.432210824894723373e+02
1.472314078573920142e+02
1.513538502322144552e+02
1.555915343376721012e+02
1.599476714493779923e+02
1.644255617650153738e+02
1.690285968354693296e+02
1.737602620616865181e+02
1.786241392578836837e+02
1.836239092826134538e+02
1.887633547417133002e+02
1.940463627594607487e+02
1.994769278267417292e+02
2.050591547225105558e+02
2.107972615128905716e+02
2.166955826291210769e+02
2.227585720284280342e+02
2.289908064351032522e+02
2.353969886683224786e+02
2.419819510579678479e+02
2.487506589485531663e+02
2.557082142940324161e+02
2.628598593488962933e+02
2.702109804527970596e+02
2.777671119144887371e+02
2.855339399975796368e+02
2.935173070058992835e+02
3.017232154790648906e+02
3.101578324928134407e+02
3.188274940702695517e+02
3.277387097075261977e+02
3.368981670143460860e+02
3.463127364731233797e+02
3.559894763191741731e+02
3.659356375445639742e+02
3.761586690304205831e+02
3.866662228062984354e+02
3.974661594437681629e+02
4.085665535852604080e+02
4.199756996106376050e+02
4.317021174465840545e+02
4.437545585185735604e+02
4.561420118536169070e+02
4.688737103296541591e+02
4.819591370839956426e+02
4.954080320743025254e+02
5.092303988039014939e+02
5.234365112090169987e+02
5.380369207132406473e+02
5.530424634547214282e+02
5.684642676842750006e+02
5.843137613433304978e+02
6.006026798231514476e+02
6.173430739067492823e+02
6.345473178988227119e+02
6.522281179504353759e+02
6.703985205744725135e+02
6.890719213624390704e+02
7.082620739028544676e+02
7.279830989055260488e+02
7.482494935344303713e+02
7.690761409544303433e+02
7.904783200939656354e+02
8.124717156284337989e+02
8.350724281860934752e+02
8.582969847811958743e+02
8.821623494794719136e+02
9.066859342934517372e+02
9.318856103199063909e+02
9.577797191153639460e+02
9.843870843151989902e+02
1.011727023500821815e+03
1.039819360317825613e+03
1.068684436844624997e+03
1.098343126222524688e+03
1.128816845539296992e+03
1.160127568978612544e+03
1.192297841233512372e+03
1.225350791183997671e+03
1.259310145850741492e+03
1.294200244611908147e+03
1.330046053702841164e+03
1.366873180984103556e+03
1.404707890992131524e+03
1.443577120266560541e+03
1.483508492956940245e+03
1.524530336716263264e+03
1.566671698870174396e+03
1.609962362872337508e+03
1.654432865046797815e+03
1.700114511604721883e+03
1.747039395956583576e+03
1.795240416295305522e+03
1.844751293469930715e+03
1.895606589139144717e+03
1.947841724197355234e+03
2.001492997489179743e+03
2.056597604789979869e+03
2.113193658065418731e+03
2.171320204997149176e+03
2.231017248775181542e+03
2.292325768157858420e+03
2.355287737779219242e+03
2.419946148722951875e+03
2.486345029332352624e+03
2.554529466268989836e+03
2.624545625806452790e+03
2.696440775354801644e+03
2.770263305198559465e+03
2.846062750458749633e+03
2.923889813251068063e+03
3.003796385051581638e+03
3.085835569232969647e+03
3.170061703790433057e+03
3.256530384227276500e+03
3.345298486592453628e+03
3.436424190663493846e+03
3.529967003254208066e+03
3.625987781644079405e+03
3.724548757096508325e+03
3.825713558482595545e+03
3.929547235952171377e+03
4.036116284683194863e+03
4.145488668654813409e+03
4.257733844447696356e+03
4.372922785047069738e+03
4.491128003630762578e+03
4.612423577318353637e+03
4.736885170880295846e+03
4.864590060354186789e+03
4.995617156584231452e+03
5.130047028632430738e+03
5.267961927062689028e+03
5.409445807045809488e+03
5.554584351313979823e+03
5.703464992868663103e+03
5.856176937501626526e+03
6.012811186024296148e+03
6.173460556247865497e+03
6.338219704644333433e+03
6.507185147696938657e+03
6.680455282869759685e+03
6.858130409243577560e+03
7.040312747708874667e+03
7.227106460761243397e+03
7.418617671833313580e+03
7.614954484143794616e+03
7.816226999056605564e+03
8.022547333915192212e+03
8.234029639315780514e+03
8.450790115815960235e+03
8.672947030035675198e+03
8.900620730157366779e+03
9.133933660759041231e+03
9.373010376998910942e+03
9.617977558113436316e+03
9.868964020191457166e+03
1.012610072826243049e+04
1.038952080758491502e+04
1.065935955423873929e+04
1.093575444486529523e+04
1.121884514570130341e+04
1.150877352070121924e+04
1.180568363896200572e+04
1.210972178117674048e+04
1.242103644539394372e+04
1.273977835179938666e+04
1.306610044669573108e+04
1.340015790564207236e+04
1.374210813567859259e+04
1.409211077669774568e+04
1.445032770194719524e+04
1.481692301764797230e+04
1.519206306178236446e+04
1.557591640195659966e+04
1.596865383245745033e+04
1.637044837042129984e+04
1.678147525117384430e+04
1.720191192277716254e+04
1.763193803965355619e+04
1.807173545552661380e+04
1.852148821549093191e+04
1.898138254735419468e+04
1.945160685217805440e+04
1.993235169416920689e+04
2.042380978974739992e+04
2.092617599606997101e+04
2.143964729871947566e+04
2.196442279895782485e+04
2.250070370017934692e+04
2.304869329393067892e+04
2.360859694528416003e+04
2.418062207776513242e+04
2.476497815773607363e+04
2.536187667836754918e+04
2.597153114312419711e+04
2.659415704895087401e+04
2.722997186900927773e+04
2.787919503518491183e+04
2.854204792018806620e+04
2.921875381953946635e+04
2.990953793321826379e+04
3.061462734720103253e+04
3.133425101476558484e+04
3.206863973781371169e+04
3.281802614794448164e+04
3.358264468761468743e+04
3.436273159117532487e+04
3.515852486594087532e+04
3.597026427340060036e+04
3.679819131032706355e+04
3.764254919007432181e+04
3.850358282404056081e+04
3.938153880320984899e+04
4.027666537982714362e+04
4.118921244938503514e+04
4.211943153279915714e+04
4.306757575864925457e+04
4.403389984593933332e+04
4.501866008698979567e+04
4.602211433054220834e+04
4.704452196525398904e+04
4.808614390359831305e+04
4.914724256578917266e+04
5.022808186440921418e+04
5.132892718897559098e+04
5.245004539117256354e+04
5.359170477024748834e+04
5.475417505872112088e+04
5.593772740856635210e+04
5.714263437755812629e+04
5.836916991606770898e+04
5.961760935414560663e+04
6.088822938883827737e+04
6.218130807196017122e+04
6.349712479791232909e+04
6.483596029207514221e+04
6.619809659916078090e+04
6.758381707195661147e+04
6.899340636033084593e+04
7.042715040031152603e+04
7.188533640343017760e+04
7.336825284611371171e+04
7.487618945938865363e+04
7.640943721858823847e+04
7.796828833297472738e+04
7.955303623575092934e+04
8.116397557373084419e+04
8.280140219741665351e+04
8.446561315056528838e+04
8.615690666004437662e+04
8.787558212538002408e+04
8.962194010844916920e+04
9.139628232246100379e+04
9.319891162147704745e+04
9.503013198891743377e+04
9.689024852649631794e+04
9.877956744234486541e+04
1.006983960389464919e+05
1.026470427010049170e+05
1.046258168821824074e+05
1.066350290922701388e+05
1.086749908831735083e+05
1.107460148346900096e+05
1.128484145396858949e+05
1.149825045887770248e+05
1.171486005541692284e+05
1.193470189729361300e+05
1.215780773297982378e+05
1.238420940389109892e+05
1.261393884248611866e+05
1.284702807032904238e+05
1.308350919600629568e+05
1.332341441301839368e+05
1.356677599755111150e+05
1.381362630614942755e+05
1.406399777332543454e+05
1.431792290903240792e+05
1.457543429608346778e+05
1.483656458741496317e+05
1.510134650330776058e+05
1.536981282843582740e+05
1.564199640883711400e+05
1.591793014881770068e+05
1.619764700763600704e+05
1.648117999617326714e+05
1.676856217342973978e+05
1.705982664293209673e+05
1.735500654899200017e+05
1.765413507287985121e+05
1.795724542883701506e+05
1.826437085997499817e+05
1.857554463411901379e+05
1.889080003938354494e+05
1.921017037975893763e+05
1.953368897050401429e+05
1.986138913344847388e+05
2.019330419209502288e+05
2.052946746672075533e+05
2.086991226923027134e+05
2.121467189796061139e+05
2.156377963233002811e+05
2.191726872735598881e+05
2.227517240810309013e+05
2.263752386393638153e+05
2.300435624271241541e+05
2.337570264481147460e+05
2.375159611709177261e+05
2.413206964668211876e+05
2.451715615471060446e+05
2.490688848988118116e+05
2.530129942196187621e+05
2.570042163517004810e+05
2.610428772143297538e+05
2.651293017356886994e+05
2.692638137833006331e+05
2.734467360942246742e+05
2.776783902033810155e+05
2.819590963720167638e+05
2.862891735142209800e+05
2.906689391231002519e+05
2.950987091967875604e+05
2.995787981620564824e+05
3.041095187990784761e+05
3.086911821642781724e+05
3.133240975123138051e+05
3.180085722186354687e+05
3.227449117005142616e+05
3.275334193374507013e+05
3.323743963916400098e+05
3.372681419278616086e+05
3.422149527321013156e+05
3.472151232311702915e+05
3.522689454103719327e+05
3.573767087327865884e+05
3.625387000561883324e+05
3.677552035511315917e+05
3.730265006186831160e+05
3.783528698073879350e+05
3.837345867307223962e+05
3.891719239839912625e+05
3.946651510619745241e+05
4.002145342760893982e+05
4.058203366707647219e+05
4.114828179421199602e+05
4.172022343542393064e+05
4.229788386580162914e+05
4.288128800079220091e+05
4.347046038814377389e+05
4.406542519966356340e+05
4.466620622312304913e+05
4.527282685426364187e+05
4.588531008869643556e+05
4.650367851392554585e+05
4.712795430147898733e+05
4.775815919904418988e+05
4.839431452258242061e+05
4.903644114864318399e+05
4.968455950677010696e+05
5.033868957178980927e+05
5.099885085627963999e+05
5.166506240331861190e+05
5.233734277889111545e+05
5.301571006476185285e+05
5.370018185134292580e+05
5.439077523042854154e+05
5.508750678847961826e+05
5.579039259948470863e+05
5.649944821840350050e+05
5.721468867431887193e+05
5.793612846405080054e+05
5.866378154566789744e+05
5.939766133206018712e+05
6.013778068494558102e+05
6.088415190857145935e+05
6.163678674396439455e+05
6.239569636299145641e+05
6.316089136265027337e+05
6.393238175962573150e+05
6.471017698476931546e+05
6.549428587776328204e+05
6.628471668213551166e+05
6.708147704004676780e+05
6.788457398755440954e+05
6.869401394980422920e+05
6.950980273639485240e+05
7.033194553706564475e+05
7.116044691718826070e+05
7.199531081378890667e+05
7.283654053128774976e+05
7.368413873777944827e+05
7.453810746131429914e+05
7.539844808599289972e+05
7.626516134885110660e+05
7.713824733624156797e+05
7.801770548076755367e+05
7.890353455808063736e+05
7.979573268407534342e+05
8.069429731195163913e+05
8.159922522947745165e+05
8.251051255653294502e+05
8.342815474253157154e+05
8.435214656400979729e+05
8.528248212255379185e+05
8.621915484241888626e+05
8.716215746867419221e+05
8.811148206502675312e+05
8.906712001206175191e+05
9.002906200545228785e+05
9.099729805404763902e+05
9.197181747841794277e+05
9.295260890901244711e+05
9.393966028480760287e+05
9.493295885152707342e+05
9.593249116032220190e+05
9.693824306615010137e+05
9.795019972645656671e+05
9.896834559956000885e+05
9.999266444319009315e+05
1.010231393130939105e+06
1.020597525613480713e+06
1.031024858348794281e+06
1.041513200739361229e+06
1.052062355101180729e+06
1.062672116648744326e+06
1.073342273475602269e+06
1.084072606534116901e+06
1.094862889615901746e+06
1.105712889327951241e+06
1.116622365070738364e+06
1.127591069012360647e+06
1.138618746061489917e+06
1.149705133838246111e+06
1.160849962645230815e+06
1.172052955430607311e+06
1.183313827756845159e+06
1.194632287759255851e+06
1.206008036107682623e+06
1.217440765960641438e+06
1.228930162921598414e+06
1.240475904984541703e+06
1.252077662484337110e+06
1.263735098038943484e+06
1.275447866486394545e+06
1.287215614821647294e+06
1.299037982128458563e+06
1.310914599503835896e+06
1.322845089978968259e+06
1.334829068439622410e+06
1.346866141536582261e+06
1.358955907591043506e+06
1.371097956497225910e+06
1.383291869616376469e+06
1.395537219669089653e+06
1.407833570616282988e+06
1.420180477536365390e+06
1.432577486496350495e+06
1.445024134413423017e+06
1.457519948913540691e+06
1.470064448178731371e+06
1.482657140786977950e+06
1.495297525547208963e+06
1.507985091320421547e+06
1.520719316840669606e+06
1.533499670516595710e+06
1.546325610233956249e+06
1.559196583139844472e+06
1.572112025423212908e+06
1.585071362083246699e+06
1.598074006684224121e+06
1.611119361106126104e+06
1.624206815274638822e+06
1.637335746888237307e+06
1.650505521129720611e+06
1.663715490361375036e+06
1.676964993813543115e+06
1.690253357254992705e+06
1.703579892653426854e+06
1.716943897816435667e+06
1.730344656020866707e+06
1.743781435628553387e+06
1.757253489679828286e+06
1.770760055475591216e+06
1.784300354142815806e+06
1.797873590176470578e+06
1.811478950967959128e+06
1.825115606312877499e+06
1.838782707901061978e+06
1.852479388778144727e+06
1.866204762795573566e+06
1.879957924034903524e+06
1.893737946203582920e+06
1.907543882013743278e+06
1.921374762534434209e+06
1.935229596513080643e+06
1.949107369677686598e+06
1.963007044002851937e+06
1.976927556953623891e+06
1.990867820694550406e+06
2.004826721265012398e+06
2.018803117728396319e+06
2.032795841280771187e+06
2.046803694325631717e+06
2.060825449510178063e+06
2.074859848723617615e+06
2.088905602052254835e+06
2.102961386695846915e+06
2.117025845832415391e+06
2.131097587444024161e+06
2.145175183087226003e+06
2.159257166613771114e+06
2.173342032842002343e+06
2.187428236162087414e+06
2.201514189094932284e+06
2.215598260773657821e+06
2.229678775376050267e+06
2.243754010478945915e+06
2.257822195339889266e+06
2.271881509108395781e+06
2.285930078955354169e+06
2.299965978120012209e+06
2.313987223865519743e+06
2.327991775346437935e+06
2.341977531375183258e+06
2.355942328087751754e+06
2.369883936499054544e+06
2.383800059943391010e+06
2.397688331396573689e+06
2.411546310662734788e+06
2.425371481438180897e+06
2.439161248218116350e+06
2.452912933057147078e+06
2.466623772177529056e+06
2.480290912387087010e+06
2.493911407337882556e+06
2.507482213577928487e+06
2.521000186401604209e+06
2.534462075490511023e+06
2.547864520317103714e+06
2.561204045300051104e+06
2.574477054707026109e+06
2.587679827270606998e+06
2.600808510512159672e+06
2.613859114745119587e+06
2.626827506739490200e+06
2.639709403027727269e+06
2.652500362815874629e+06
2.665195780484509189e+06
2.677790877647656482e+06
2.690280694720727857e+06
2.702660081996028777e+06
2.714923690149468370e+06
2.727065960165853146e+06
2.739081112620953005e+06
2.750963136287983507e+06
2.762705775982482824e+06
2.774302519633405842e+06
2.785746584472987335e+06
2.797030902297744993e+06
2.808148103714419063e+06
2.819090501304509118e+06
2.829850071574178990e+06
2.840418435635121539e+06
2.850786838463155553e+06
2.860946126635937020e+06
2.870886724395682104e+06
2.880598607887708582e+06
2.890071277414318640e+06
2.899293727499062661e+06
2.908254414566689171e+06
2.916941221987024415e+06
2.925341422253224533e+06
2.933441635956262238e+06
2.941227787278316449e+06
2.948685055600437801e+06
2.955797822835840285e+06
2.962549616005216725e+06
2.968923044548599515e+06
2.974899731770502403e+06
2.980460239738116972e+06
2.985583986889902502e+06
2.990249157455424313e+06
2.994432601722369902e+06
2.998109725981811062e+06
3.001254370862509590e+06
3.003838676553320605e+06
3.005832933153891470e+06
3.007205414157964289e+06
3.007922190731447656e+06
3.007946924046505708e+06
3.007240632493043784e+06
3.005761430020059459e+06
3.003464231201482937e+06
3.000300417793390341e+06
2.996217460609583650e+06
2.991158489295128733e+06
2.985061801136546303e+06
2.977860298251336440e+06
2.969480840195947792e+06
2.959843496287552174e+06
2.948860678352165967e+06
2.936436130196901038e+06
2.922463744368686806e+06
2.906826169522242155e+06
2.889393162229053676e+06
2.870019624748455361e+06
2.848543254058374558e+06
2.824781705783961341e+06
2.798529147644828539e+06
2.769552037416398060e+06
2.737583905946789775e+06
2.702318849617455155e+06
2.663403328711391892e+06
2.620425712775584310e+06
2.572902786087462679e+06
2.520262085619919002e+06
2.461818423099029809e+06
2.396742127483738121e+06
2.324015232400817331e+06
2.242369656345529947e+06
2.150197681553217117e+06
2.045418337403595215e+06
1.925270711828140775e+06
1.785980210901439656e+06
1.622190589886473957e+06
1.425931431494152872e+06
1.184573322047186783e+06
8.762792714487033663e+05
4.580280508483626181e+05
-1.758757126246083935e+05
-1.450479259153275285e+06
nan
nan
nan
nan
nan
nan
nan
nan
nan
nan
nan
nan
nan
nan
nan
nan
nan
nan
nan
nan
nan
nan
nan
nan
nan
nan
nan
nan
nan
nan
nan
nan
nan
nan
nan
nan
nan
nan
nan
nan
nan
nan
nan
nan
nan
nan
nan
nan
nan
nan
nan
nan
nan
nan
nan
nan
nan
nan
nan
nan
nan
nan
nan
nan
nan
nan
nan
nan
nan
nan
nan
nan
nan
nan
nan
nan
nan
nan
nan
nan
nan
nan
nan
nan
nan
nan
nan
nan
nan
nan
nan
nan
nan
nan
nan
nan
nan
nan
nan
nan
nan
nan
nan
nan
nan
nan
nan
nan
nan
nan
