5.694508689889684376e-07
5.852672897956144063e-07
6.016290882566946533e-07
6.187243325926458339e-07
6.359979012930883684e-07
6.539134987628115550e-07
6.721920360187357465e-07
6.910721970193986252e-07
7.103034619275902895e-07
7.304033436593202611e-07
7.506455116553596451e-07
7.718311690132531561e-07
7.935140673498463115e-07
8.157698412670655285e-07
8.386924444902353790e-07
8.621349818470141216e-07
8.862246811082497955e-07
9.111052699621599726e-07
9.366839108791597848e-07
9.628909395725195017e-07
9.899235909268002227e-07
1.017748738311520923e-06
1.046354858489857354e-06
1.075749578674176378e-06
1.105709118524990064e-06
1.136788887071373421e-06
1.168561307880490596e-06
1.201372773404429715e-06
1.235094278365682795e-06
1.269871609019624418e-06
1.305371186845936155e-06
1.342041590322822166e-06
1.379605420661822694e-06
1.418309560563755475e-06
1.458186511785765737e-06
1.499037658504081148e-06
1.540949409126252926e-06
1.584293216257850991e-06
1.628713018915166762e-06
1.674389698804023913e-06
1.721284647663593392e-06
1.769648883767620371e-06
1.819260916468601060e-06
1.870189049745886504e-06
1.922792696275244428e-06
1.976708714042027357e-06
2.032122851298338537e-06
2.089006793741799059e-06
2.147624868758091510e-06
2.207781000466598649e-06
2.269825878270222906e-06
2.333404734775542933e-06
2.398958398161815369e-06
2.466224146942624767e-06
2.535236573377528400e-06
2.606336525595792994e-06
2.679409937869318456e-06
2.754649758411597167e-06
2.832052116877664522e-06
2.911415642459760141e-06
2.993102930770504813e-06
3.077030855732396934e-06
3.163178505710697815e-06
3.251838001778292870e-06
3.343116392607444148e-06
3.436936090324389394e-06
3.533284117806319035e-06
3.632475145384147544e-06
3.734136293595706206e-06
3.838976689002085014e-06
3.946523701445815182e-06
4.057392285250353473e-06
4.171016986716333178e-06
4.288173585483801586e-06
4.408215377269601880e-06
4.531838470298393153e-06
4.659078334122887929e-06
4.789807049885781233e-06
4.923994326592634811e-06
5.062210987290426996e-06
5.204123023907282451e-06
5.350000215146806965e-06
5.500220679249842984e-06
5.654267168869559501e-06
5.812989647883357431e-06
5.975844895234271885e-06
6.143416122551637146e-06
6.315906008081507167e-06
6.492884974850083153e-06
6.675061452947803799e-06
6.862270530510909060e-06
7.054734898539148060e-06
7.252565084132457106e-06
7.456015051828197394e-06
7.664985730772173867e-06
7.880035403747615564e-06
8.101119699832798370e-06
8.328106921430479033e-06
8.561784379775320706e-06
8.801851574657734898e-06
9.048689473114408428e-06
9.302350905949161584e-06
9.563326824324447803e-06
9.831546873010990154e-06
1.010738405114297562e-05
1.039065861216478909e-05
1.068215358707528880e-05
1.098160398223782172e-05
1.128971998052259703e-05
1.160642952552883296e-05
1.193189061962556603e-05
1.226649910969105548e-05
1.261039030006669322e-05
1.296420666140415566e-05
1.332758248103129148e-05
1.370143130873879175e-05
1.408567762315926625e-05
1.448077606381470806e-05
1.488671661842335221e-05
1.530429018493039382e-05
1.573358031189173750e-05
1.617473791549463327e-05
1.662848434211610055e-05
1.709486397810468564e-05
1.757426225214787279e-05
1.806691129834067907e-05
1.857365532084030694e-05
1.909470071359417397e-05
1.963012740838052087e-05
2.018066151893294424e-05
2.074667395720461373e-05
2.132844457435810088e-05
2.192667806647635641e-05
2.254150932321334486e-05
2.317377100180792639e-05
2.382350197489251905e-05
2.449171468779719700e-05
2.517865194323020054e-05
2.588455617779553171e-05
2.661068405871676648e-05
2.735681174415736580e-05
2.812401330185883833e-05
2.891291433821574342e-05
2.972371142157508576e-05
3.055718961891693486e-05
3.141424172497029574e-05
3.229512441438808171e-05
3.320098889220970354e-05
3.413213866092858250e-05
3.508930282563676127e-05
3.607340494728224781e-05
3.708508183482171685e-05
3.812494921672416622e-05
3.919413308785131805e-05
4.029353140523942827e-05
4.142333232162452345e-05
4.258505124924405179e-05
4.377929488361099412e-05
4.500727852078057411e-05
4.626936097194172989e-05
4.756706796082421098e-05
4.890111157972416389e-05
5.027242021519232322e-05
5.168216872781984000e-05
5.313180430026406169e-05
5.462181870958029826e-05
5.615353790976762073e-05
5.772839747763662012e-05
5.934747199953046317e-05
6.101175874517875591e-05
6.272271392642793115e-05
6.448178332315992534e-05
6.629018176177841606e-05
6.814919078978779149e-05
7.006043522939002044e-05
7.202517574048960028e-05
7.404509656391981061e-05
7.612184757671595036e-05
7.825657616588040468e-05
8.045123284548312157e-05
8.270735736008990387e-05
8.502687394075364989e-05
8.741138603082154658e-05
8.986297582308916388e-05
9.238299941683860502e-05
9.497389319030769971e-05
9.763746795223635490e-05
1.003757131058441367e-04
1.031906029806169681e-04
1.060844013977662583e-04
1.090594729451530931e-04
1.121180830597124278e-04
1.152624620666494099e-04
1.184948704196660117e-04
1.218179138097438466e-04
1.252343499230091620e-04
1.287464166853087924e-04
1.323571436469995620e-04
1.360689234913645281e-04
1.398848470086843591e-04
1.438077609339522694e-04
1.478408624779130299e-04
1.519870128263745316e-04
1.562493317947955917e-04
1.606312766635609309e-04
1.651359780260090130e-04
1.697670851339747153e-04
1.745280961716103550e-04
1.794227143641815149e-04
1.844544332674539979e-04
1.896273996884383713e-04
1.949452503569657608e-04
2.004124833284295166e-04
2.060328005060551963e-04
2.118109819366574120e-04
2.177509860663229485e-04
2.238575857577506214e-04
2.301354689652474318e-04
2.365893799848955937e-04
2.432244847172059627e-04
2.500455045698022358e-04
2.570578574703415186e-04
2.642667906898032168e-04
2.716777720383580560e-04
2.792968965091283313e-04
2.871292665292489834e-04
2.951816752913428554e-04
3.034597373306768299e-04
3.119698205519056593e-04
3.207187105920928727e-04
3.297130289309655122e-04
3.389594138620012609e-04
3.484652043708038141e-04
3.582376280513792062e-04
3.682839906450587259e-04
3.786118756462551554e-04
3.892296061919184899e-04
4.001451950017965824e-04
4.113668102516951971e-04
4.229030039452626004e-04
4.347626889016536545e-04
4.469551179996484832e-04
4.594893796056285520e-04
4.723751427027187040e-04
4.856221633628056574e-04
4.992405464219045472e-04
5.132410171005645635e-04
5.276341880319761896e-04
5.424308570912802141e-04
5.576425411585742356e-04
5.732805251658702229e-04
5.893571826044584523e-04
6.058847819618304667e-04
6.228758154506473842e-04
6.403430883627177824e-04
6.583003133790710747e-04
6.767612146319726841e-04
6.957396395581720615e-04
7.152501896273305050e-04
7.353081069112418506e-04
7.559281578281213439e-04
7.771265597715530573e-04
7.989193860842186716e-04
8.213232496304563850e-04
8.443555016539538126e-04
8.680334262748085712e-04
8.923752187216364446e-04
9.173997133806620005e-04
9.431258766487759853e-04
9.695733140843052714e-04
9.967625491153560453e-04
1.024713801460154115e-03
1.053449050694878339e-03
1.082990097139903797e-03
1.113359396388773548e-03
1.144580157063960005e-03
1.176676216709315837e-03
1.209672419529844419e-03
1.243593768909613800e-03
1.278466096993665724e-03
1.314316259737872755e-03
1.351171841684224457e-03
1.389060377538008789e-03
1.428011369700133868e-03
1.468054538585113460e-03
1.509220372751035252e-03
1.551540445851583641e-03
1.595046995725296190e-03
1.639773543126249672e-03
1.685753762717781849e-03
1.733023159908425679e-03
1.781617988976010123e-03
1.831574971396231124e-03
1.882932787334317456e-03
1.935730327936992104e-03
1.990008002002347214e-03
2.045807554117914494e-03
2.103171163942704498e-03
2.162143087886796849e-03
2.222768320027164891e-03
2.285093037671845437e-03
2.349164842369600228e-03
2.415032768485240837e-03
2.482747340713023325e-03
2.552359905047613380e-03
2.623924015964515435e-03
2.697494091871936207e-03
2.773126627173526978e-03
2.850879178234078711e-03
2.930811159443303792e-03
3.012983667476142394e-03
3.097459360063656297e-03
3.184303126414989027e-03
3.273580794863629236e-03
3.365360913957449619e-03
3.459713299741492588e-03
3.556710418768508405e-03
3.656426038898629490e-03
3.758936210634461744e-03
3.864319547786665594e-03
3.972656296031851567e-03
4.084029240448482610e-03
4.198523399506857295e-03
4.316226042109016191e-03
4.437227261257412590e-03
4.561619119608844794e-03
4.689496860462340731e-03
4.820957932692095278e-03
4.956102841072652920e-03
5.095034318822816259e-03
5.237858828811639729e-03
5.384685131848381337e-03
5.535625190806726069e-03
5.690794161253480074e-03
5.850310706080320139e-03
6.014296143406414052e-03
6.182875453248383273e-03
6.356177602215661200e-03
6.534334724112798518e-03
6.717482385887573078e-03
6.905760222671290631e-03
7.099312151760840857e-03
7.298285203661708867e-03
7.502831458794689476e-03
7.713106590622576843e-03
7.929270773435180900e-03
8.151488965063003606e-03
8.379930294121108389e-03
8.614768579690264619e-03
8.856183238097144542e-03
9.104357789549249319e-03
9.359481029009266567e-03
9.621747576237382402e-03
9.891357053511268260e-03
1.016851442725606736e-02
1.045343073763158742e-02
1.074632298679709629e-02
1.104741368324370018e-02
1.135693230073443229e-02
1.167511389772250656e-02
1.200220066820414065e-02
1.233844115915993904e-02
1.268409118009609753e-02
1.303941338647206759e-02
1.340467756171796754e-02
1.378016160167188330e-02
1.416615069096719554e-02
1.456293768930433732e-02
1.497082424214339277e-02
1.539011984772317362e-02
1.582114265612838411e-02
1.626422000897781439e-02
1.671968794859619509e-02
1.718789199402104978e-02
1.766918740333149260e-02
1.816393845172008942e-02
1.867252073796120057e-02
1.919531949107292426e-02
1.973273042297232077e-02
2.028516088213960442e-02
2.085302928052960164e-02
2.143676483944270336e-02
2.203680991424386559e-02
2.265361785764509125e-02
2.328765525499365899e-02
2.393940172647163189e-02
2.460934933382649681e-02
2.529800435665486430e-02
2.600588668886104349e-02
2.673353085594297462e-02
2.748148594518543680e-02
2.825031616015999739e-02
2.904060107282852368e-02
2.985293627741571545e-02
3.068793374225445986e-02
3.154622236486443604e-02
3.242844798443823839e-02
3.333527436712510617e-02
3.426738369837217801e-02
3.522547604614427452e-02
3.621027163386356107e-02
3.722250985152746744e-02
3.826294983893595292e-02
3.933237263475553025e-02
4.043157937295234483e-02
4.156139385815414700e-02
4.272266172386283978e-02
4.391625223440692727e-02
4.514305746789509799e-02
4.640399492756142746e-02
4.770000555630016931e-02
4.903205698781491761e-02
5.040114273462275446e-02
5.180828262697604464e-02
5.325452451744046301e-02
5.474094501362831988e-02
5.626864899513492335e-02
5.783877123304288076e-02
5.945247734138836559e-02
6.111096384616834104e-02
6.281545991958559227e-02
6.456722725110845829e-02
6.636756115351075125e-02
6.821779210810226257e-02
7.011928558097850483e-02
7.207344385259711883e-02
7.408170615913188539e-02
7.614554991523724004e-02
7.826649230864951567e-02
8.044609002754715688e-02
8.268594142687972492e-02
8.498768639586462559e-02
8.735300847613106101e-02
8.978363550647119884e-02
9.228134032361937078e-02
9.484794257119824601e-02
9.748530888495816893e-02
1.001953552743334031e-01
1.029800466818274751e-01
1.058413998453081178e-01
1.087814831611219057e-01
1.118024189128462020e-01
1.149063833764688985e-01
1.180956091030697930e-01
1.213723859242248349e-01
1.247390622392418741e-01
1.281980455941036379e-01
1.317518051735522000e-01
1.354028726803548632e-01
1.391538434552013759e-01
1.430073781197865324e-01
1.469662038074546484e-01
1.510331157856721340e-01
1.552109790341245354e-01
1.595027290670099074e-01
1.639113740943763942e-01
1.684399958212272341e-01
1.730917519343673217e-01
1.778698761136925377e-01
1.827776808915877460e-01
1.878185586558797637e-01
1.929959826351470009e-01
1.983135092003378841e-01
2.037747792921008050e-01
2.093835190432933591e-01
2.151435424657803519e-01
2.210587519956742075e-01
2.271331402432936464e-01
2.333707920543706682e-01
2.397758849337140452e-01
2.463526909536890297e-01
2.531055782427063527e-01
2.600390123672431386e-01
2.671575569925426774e-01
2.744658764148266705e-01
2.819687352906399824e-01
2.896710007181031998e-01
2.975776432374742098e-01
3.056937381475789972e-01
3.140244654554957271e-01
3.225751118918207538e-01
3.313510710644974600e-01
3.403578446319861506e-01
3.496010421415736147e-01
3.590863821525799859e-01
3.688196927769391009e-01
3.788069112691784812e-01
3.890540838201518303e-01
3.995673666983747263e-01
4.103530248652351720e-01
4.214174319897774357e-01
4.327670692569342559e-01
4.444085251333854125e-01
4.563484939921629846e-01
4.685937742829834884e-01
4.811512673970548826e-01
4.940279749175017221e-01
5.072309971806079343e-01
5.207675303320009608e-01
5.346448627981110757e-01
5.488703724094398106e-01
5.634515225699640029e-01
5.783958569552675177e-01
5.937109967103023633e-01
6.094046322945357863e-01
6.254845207876473800e-01
6.419584765235941681e-01
6.588343658665601899e-01
6.761200990547552303e-01
6.938236211186219471e-01
7.119529033718432487e-01
7.305159324550498656e-01
7.495207004652102434e-01
7.689751926377820235e-01
7.888873743837938601e-01
8.092651774400981823e-01
8.301164851437248249e-01
8.514491163927804251e-01
8.732708083119060660e-01
8.955891966548690242e-01
9.184117975497426700e-01
9.417459840609130328e-01
9.655989647222437133e-01
9.899777572778442059e-01
1.014889163538641004e+00
1.040339740353343201e+00
1.066335768869166589e+00
1.092883223361570177e+00
1.119987735280017827e+00
1.147654557356773353e+00
1.175888523134140939e+00
1.204694006573162834e+00
1.234074875069111732e+00
1.264034444598968188e+00
1.294575426035441623e+00
1.325699873655656003e+00
1.357409126903266650e+00
1.389703748393309235e+00
1.422583461047688624e+00
1.456047078076139645e+00
1.490092430225276265e+00
1.524716288491583249e+00
1.559914281791603186e+00
1.595680810518981474e+00
1.632008953227349846e+00
1.668890369176478039e+00
1.706315195219214598e+00
1.744271935806304574e+00
1.782747347064999488e+00
1.821726313504770989e+00
1.861191718889224189e+00
1.901124308230230930e+00
1.941502543031131678e+00
1.982302448006619588e+00
2.023497448131618359e+00
2.065058198522377264e+00
2.106952402576049099e+00
2.149144622797869442e+00
2.191596077270646425e+00
2.234264429345237613e+00
2.277103562311051377e+00
2.320063343532258848e+00
2.363089375579268570e+00
2.406122733764791910e+00
2.449099689456176954e+00
2.491951418541187735e+00
2.534603695485803776e+00
2.576976570097329056e+00
2.618984026913333096e+00
2.660533628884697244e+00
2.701526139300074902e+00
2.741855127620028476e+00
2.781406552380197184e+00
2.820058323168937342e+00
2.857679842111347401e+00
2.894131518772805833e+00
2.929264263537953106e+00
2.962918953858122872e+00
2.994925873893813595e+00
3.025104126569183371e+00
3.053261016406516148e+00
3.079191401791600669e+00
3.102677015387380166e+00
3.123485750077358070e+00
3.141370913226531503e+00
3.156070440923640419e+00
3.167306077684570731e+00
3.174782514160322311e+00
3.178186485097284297e+00
3.177185824022387806e+00
3.171428472917245500e+00
3.160541446060842752e+00
3.144129743714738634e+00
3.121775216384361507e+00
3.093035376092958089e+00
3.057442152131682356e+00
3.014500591063327128e+00
2.963687494056452376e+00
2.904449996313046345e+00
2.836204078477075008e+00
2.758333013087421293e+00
2.670185739710059458e+00
2.571075168415916323e+00
2.460276408573217832e+00
2.337024915894402088e+00
2.200514563195124396e+00
2.049895620336879887e+00
1.884272651561168299e+00
1.702702318786893709e+00
1.504191088959587974e+00
1.287692846319949513e+00
1.052106399189386199e+00
7.962728818234260375e-01
5.189730473076641371e-01
2.189244441019354559e-01
-1.052215247935521791e-01
-4.548826645319341555e-01
-8.315491808499779758e-01
-1.236787000964940209e+00
-1.672241236165233680e+00
-2.139639780730236307e+00
-2.640797061606896534e+00
-3.177617939592766838e+00
-3.752101765419231683e+00
-4.366346603217971634e+00
-5.022553619285796245e+00
-5.723031647632604191e+00
-6.470201936179557300e+00
-7.266603079639720519e+00
-8.114896147691812445e+00
-9.017870011979399081e+00
-9.978446881461145779e+00
-1.099968805314442832e+01
-1.208479988295357899e+01
-1.323713998740841369e+01
-1.446022368278138437e+01
-1.575773066886650930e+01
-1.713351196614375738e+01
-1.859159711689714101e+01
-2.013620165460624634e+01
-2.177173485614060766e+01
-2.350280778212447430e+01
-2.533424161522435369e+01
-2.727107630907444502e+01
-2.931857955648497693e+01
-3.148225608544951371e+01
-3.376785729820068127e+01
-3.618139125952111357e+01
-3.872913305141876350e+01
-4.141763549974886160e+01
-4.425374029115859997e+01
-4.724458948865911623e+01
-5.039763746120286214e+01
-5.372066323868428128e+01
-5.722178330986374561e+01
-6.090946487253845731e+01
-6.479253955560953671e+01
-6.888021762406353332e+01
-7.318210268609557545e+01
-7.770820691603306329e+01
-8.246896681086410297e+01
-8.747525949858970762e+01
-9.273841961263954659e+01
-9.827025675564921414e+01
-1.040830735670968465e+02
-1.101896844175326322e+02
-1.166034347469358181e+02
-1.233382210707529225e+02
-1.304085116723038880e+02
-1.378293680054337358e+02
-1.456164668301276777e+02
-1.537861231033332956e+02
-1.623553136521723275e+02
-1.713417016505485435e+02
-1.807636619299838401e+02
-1.906403071452865845e+02
-2.009915148309786161e+02
-2.118379553675974876e+02
-2.232011208946323109e+02
-2.351033551977176614e+02
-2.475678846008348160e+02
-2.606188498962980020e+02
-2.742813393480873856e+02
-2.885814227988495873e+02
-3.035461869211128487e+02
-3.192037716448705851e+02
-3.355834078032914931e+02
-3.527154560324994463e+02
-3.706314469699790948e+02
-3.893641227882808380e+02
-4.089474801112188516e+02
-4.294168143558894712e+02
-4.508087655457814549e+02
-4.731613656426710008e+02
-4.965140874487101996e+02
-5.209078951230108032e+02
-5.463852963744884619e+02
-5.729903963747466378e+02
-6.007689534546030927e+02
-6.297684366366711401e+02
-6.600380850667564800e+02
-6.916289694019859553e+02
-7.245940552219888104e+02
-7.589882685277476639e+02
-7.948685633909818762e+02
-8.322939918331256877e+02
-8.713257759958584074e+02
-9.120273826813440792e+02
-9.544646003422579952e+02
-9.987056185944127265e+02
-1.044821110336718220e+03
-1.092884316563484163e+03
-1.142971133955072901e+03
-1.195160205334712373e+03
-1.249533013087854670e+03
-1.306173975639954961e+03
-1.365170547085719363e+03
-1.426613320079420873e+03
-1.490596132087954402e+03
-1.557216175116477643e+03
-1.626574109019472644e+03
-1.698774178510021102e+03
-1.773924333999479131e+03
-1.852136356370559952e+03
-1.933525985839961322e+03
-2.018213055012165796e+03
-2.106321626293103691e+03
-2.197980133777660740e+03
-2.293321529779223965e+03
-2.392483436135350075e+03
-2.495608300463763953e+03
-2.602843557516725468e+03
-2.714341795802983142e+03
-2.830260929664159448e+03
-2.950764376969780642e+03
-3.076021242615906885e+03
-3.206206508043736449e+03
-3.341501226941221375e+03
-3.482092727364778966e+03
-3.628174820475304386e+03
-3.779948016120945795e+03
-3.937619745487535511e+03
-4.101404591060352686e+03
-4.271524524139200366e+03
-4.448209150161947946e+03
-4.631695962098024211e+03
-4.822230602204870593e+03
-5.020067132386372577e+03
-5.225468313511313681e+03
-5.438705893936169559e+03
-5.660060907589404451e+03
-5.889823981935289339e+03
-6.128295656144153327e+03
-6.375786709862760290e+03
-6.632618502899051236e+03
-6.899123326246237411e+03
-7.175644764837880757e+03
-7.462538072434923379e+03
-7.760170559077025246e+03
-8.068921991551358587e+03
-8.389185007346915881e+03
-8.721365542568364617e+03
-9.065883274323568912e+03
-9.423172078096027690e+03
-9.793680500665797808e+03
-1.017787224913045793e+04
-1.057622669664979003e+04
-1.098923940545480036e+04
-1.141742266789722999e+04
-1.186130606607629124e+04
-1.232143705082105407e+04
-1.279838154074943304e+04
-1.329272454213701894e+04
-1.380507079045794126e+04
-1.433604541434258317e+04
-1.488629462289127332e+04
-1.545648641724881600e+04
-1.604731132733996492e+04
-1.665948317484519794e+04
-1.729373986337635142e+04
-1.795084419698413694e+04
-1.863158472817789152e+04
-1.933677663656298319e+04
-2.006726263944710081e+04
-2.082391393566109764e+04
-2.160763118403687622e+04
-2.241934551792228376e+04
-2.326001959738476216e+04
-2.413064870045489442e+04
-2.503226185547557907e+04
-2.596592301585330642e+04
-2.693273227955568655e+04
-2.793382715489940892e+04
-2.897038387497550502e+04
-3.004361876268165724e+04
-3.115478964886939866e+04
-3.230519734571983645e+04
-3.349618717825492058e+04
-3.472915057623872417e+04
-3.600552672980147327e+04
-3.732680431126936310e+04
-3.869452326677574456e+04
-4.011027668073216046e+04
-4.157571271692004666e+04
-4.309253663963024883e+04
-4.466251291924776160e+04
-4.628746742601836741e+04
-4.796928971688752790e+04
-4.970993541986215132e+04
-5.151142872088768490e+04
-5.337586495881729934e+04
-5.530541333391104126e+04
-5.730231973599702178e+04
-5.936890969851217233e+04
-6.150759148560005997e+04
-6.372085931912862725e+04
-6.601129675353439234e+04
-6.838158020675976877e+04
-7.083448265609148075e+04
-7.337287750812678132e+04
-7.599974265310088231e+04
-7.871816471402830211e+04
-8.153134350261201325e+04
-8.444259669353188656e+04
-8.745536473075179674e+04
-9.057321597972135351e+04
-9.379985214090005320e+04
-9.713911394003777241e+04
-1.005949871136088332e+05
-1.041716087073417584e+05
-1.078732737087939167e+05
-1.117044420343665552e+05
-1.156697458958583447e+05
-1.197739975700654904e+05
-1.240221975997210975e+05
-1.284195434547624318e+05
-1.329714386856902856e+05
-1.376835026031615853e+05
-1.425615805216593435e+05
-1.476117546064442140e+05
-1.528403553690252011e+05
-1.582539738568680768e+05
-1.638594745907945326e+05
-1.696640093050904397e+05
-1.756750315514779359e+05
-1.819003122343394789e+05
-1.883479561501822609e+05
-1.950264196100421832e+05
-2.019445292321012239e+05
-2.091115020017392526e+05
-2.165369667003201903e+05
-2.242309868213920272e+05
-2.322040850975025096e+05
-2.404672697785629134e+05
-2.490320628151327837e+05
-2.579105301137584029e+05
-2.671153140552306431e+05
-2.766596684786977712e+05
-2.865574963649548008e+05
-2.968233904711926007e+05
-3.074726772034039022e+05
-3.185214640396433533e+05
-3.299866908599581220e+05
-3.418861855741313775e+05
-3.542387244924357510e+05
-3.670640979302825290e+05
-3.803831816096983966e+05
-3.942180144784295699e+05
-4.085918836620011134e+05
-4.235294173436100828e+05
-4.390566864861149807e+05
-4.552013164236175362e+05
-4.719926095040602377e+05
-4.894616801196935703e+05
-5.076416036696709925e+05
-5.265675812148028053e+05
-5.462771218606889015e+05
-5.668102452119560912e+05
-5.882097066183255520e+05
-6.105212483677122509e+05
-6.337938805029542418e+05
-6.580801955738133984e+05
-6.834367223645356717e+05
-7.099243245620706584e+05
-7.376086513956040144e+05
-7.665606486217330676e+05
-7.968571398320365697e+05
-8.285814900479994249e+05
-8.618243660165863112e+05
-8.966846106546809897e+05
-9.332702528791484656e+05
-9.716996788333411096e+05
-1.012102996533101657e+06
-1.054623633650846314e+06
-1.099420218007205753e+06
-1.146668803110973444e+06
-1.196565517761518713e+06
-1.249329740693486994e+06
-1.305207930522623705e+06
-1.364478280596167315e+06
-1.427456422001899453e+06
-1.494502471871741349e+06
-1.566029827459327411e+06
-1.642516253042747499e+06
-1.724518018046679907e+06
-1.812688155094845453e+06
-1.907800371256887214e+06
-2.010780856874859659e+06
-2.122751351732073817e+06
-2.245088626840321813e+06
-2.379508532285842579e+06
-2.528187921010239515e+06
-2.693947030828175135e+06
-2.880532398537920322e+06
-3.093075332141248044e+06
-3.338875853533875663e+06
-3.628836956309965346e+06
-3.980330420181654394e+06
-4.423655593200224452e+06
-5.019405070429064333e+06
-5.921019894047702663e+06
-7.808477043293017894e+06
nan
nan
nan
nan
nan
nan
nan
nan
nan
nan
nan
nan
nan
nan
nan
nan
nan
nan
nan
nan
nan
nan
nan
nan
nan
nan
nan
nan
nan
nan
nan
nan
nan
nan
nan
nan
nan
nan
nan
nan
nan
nan
nan
nan
nan
nan
nan
nan
nan
nan
nan
nan
nan
nan
nan
nan
nan
nan
nan
nan
nan
nan
nan
nan
nan
nan
nan
nan
nan
nan
nan
nan
nan
nan
nan
nan
nan
nan
