2.421437163283566597e-05
2.489344608028601152e-05
2.559158327583055764e-05
2.630949240744919124e-05
2.704719415500401840e-05
2.780579905157105000e-05
2.858551233823758493e-05
2.938715621334971864e-05
3.021143708548085878e-05
3.105870843197907461e-05
3.192974714283329106e-05
3.282526545582913042e-05
3.374567958923136861e-05
3.469214270444675584e-05
3.566504412515719382e-05
3.666529769285403279e-05
3.769360516913251814e-05
3.875073067937997713e-05
3.983752288979209151e-05
4.095468758623488467e-05
4.210331578231984176e-05
4.328390022491945583e-05
4.449787395715077348e-05
4.574587044978084077e-05
4.702876155055897388e-05
4.834768594051044307e-05
4.970356670449655693e-05
5.109740300429094483e-05
5.253054339210086075e-05
5.400371667327744985e-05
5.551806481566807730e-05
5.707517953163188221e-05
5.867587759973981026e-05
6.032149110454398147e-05
6.201315011139184026e-05
6.375232509022007912e-05
6.554010367398138638e-05
6.737824105082314600e-05
6.926768776383791868e-05
7.121039546060187804e-05
7.320733812681352772e-05
7.526057634253749136e-05
7.737128660133663191e-05
7.954106263240768606e-05
8.177171385807322618e-05
8.406505961854014177e-05
8.642247877957386895e-05
8.884621625361146320e-05
9.133792589250578243e-05
9.389948119097298929e-05
9.653277700562419258e-05
9.924003986302919688e-05
1.020231330026844364e-04
1.048843665911814365e-04
1.078258112245898139e-04
1.108498597990700303e-04
1.139585407765673203e-04
1.171545913745144319e-04
1.204400186991555380e-04
1.238176781408770817e-04
1.272900898465249234e-04
1.308600148347521916e-04
1.345300358248327391e-04
1.383028795170740573e-04
1.421815062873785164e-04
1.461689353606935627e-04
1.502680875082810629e-04
1.544823706404173402e-04
1.588147651646029169e-04
1.632686795812581524e-04
1.678475346581713272e-04
1.725546157455055290e-04
1.773939333220982638e-04
1.823688068955782665e-04
1.874832449353044678e-04
1.927412906136495628e-04
1.981466361482096946e-04
2.037034942248250574e-04
2.094162172026537328e-04
2.152891665502637249e-04
2.213268409892518046e-04
2.275340107552786329e-04
2.339150900344325588e-04
2.404750369449516322e-04
2.472192408786298332e-04
2.541524122894420093e-04
2.612799865900828538e-04
2.686072799113509049e-04
2.761403978122120139e-04
2.838846348748546547e-04
2.918459068952627120e-04
3.000306681431038442e-04
3.084448294632815917e-04
3.170952021238306246e-04
3.259879234627310017e-04
3.351301547779897395e-04
3.445287774155834384e-04
3.541908408603431551e-04
3.641240297184410992e-04
3.743356142830634890e-04
3.848336868448337276e-04
3.956261242769425202e-04
4.067213270285818653e-04
4.181274541758149750e-04
4.298536776037495378e-04
4.419086733154002590e-04
4.543018884015292622e-04
4.670425551040647974e-04
4.801404670919335389e-04
4.936057607235224114e-04
5.074484540754704452e-04
5.216797500400095289e-04
5.363098334631035509e-04
5.513504452883433464e-04
5.668127018946116395e-04
5.827084269947703033e-04
5.990502551115305932e-04
6.158502133656446314e-04
6.331213536207883031e-04
6.508768606681270387e-04
6.691301932492128412e-04
6.878954713829256397e-04
7.071871358459250754e-04
7.270196061708426600e-04
7.474084693156604143e-04
7.683689056301635937e-04
7.899171505563095047e-04
8.120699567945983098e-04
8.348438161745984354e-04
8.582562021060224054e-04
8.823253345744287018e-04
9.070694309271888287e-04
9.325075027915263578e-04
9.586588966165546927e-04
9.855436099220494638e-04
1.013182369403726199e-03
1.041596231565975915e-03
1.070806681315318067e-03
1.100836527245148801e-03
1.131708539029170407e-03
1.163446113101045945e-03
1.196073710671120231e-03
1.229616556332093239e-03
1.264099860444340643e-03
1.299550315612256392e-03
1.335994607704346117e-03
1.373461203196534551e-03
1.411978401148059363e-03
1.451575669950951790e-03
1.492283494302737261e-03
1.534132754571085853e-03
1.577155631293670124e-03
1.621385023868845846e-03
1.666854763556925969e-03
1.713599583671793518e-03
1.761655134482555509e-03
1.811058259927605637e-03
1.861847074299308484e-03
1.914059787538671502e-03
1.967736850206955497e-03
2.022919098066084526e-03
2.079648945172360864e-03
2.137969344010291154e-03
2.197925318369703743e-03
2.259562474296096437e-03
2.322928352578699888e-03
2.388070772767328376e-03
2.455040006865456034e-03
2.523887461133208273e-03
2.594665148810194975e-03
2.667427740812957845e-03
2.742230610557038969e-03
2.819130953353915330e-03
2.898187950380380282e-03
2.979461705105220827e-03
3.063014508521167203e-03
3.148910134297862751e-03
3.237214184295763957e-03
3.327994503628580597e-03
3.421320372918421233e-03
3.517263274947150190e-03
3.615896207671528365e-03
3.717295069986685518e-03
3.821537079662788369e-03
3.928702033427400667e-03
4.038871854710151046e-03
4.152130979067578283e-03
4.268565779812138680e-03
4.388265338910905117e-03
4.511321014942395839e-03
4.637827359024577177e-03
4.767880570989341260e-03
4.901580566322541813e-03
5.039029350972104235e-03
5.180331729180659255e-03
5.325596357638445917e-03
5.474933610762921544e-03
5.628458311974065750e-03
5.786287281870174971e-03
5.948541495630161810e-03
6.115344816588416665e-03
6.286825108544342143e-03
6.463112909404624545e-03
6.644343498270300491e-03
6.830655031675284504e-03
7.022190076037436099e-03
7.219095220476474777e-03
7.421520571522292192e-03
7.629621122786658938e-03
7.843555975643942690e-03
8.063488460320874032e-03
8.289586613318338654e-03
8.522023310154573997e-03
8.760976516550545573e-03
9.006628182772109109e-03
9.259166799310498963e-03
9.518784573009210145e-03
9.785680535618606485e-03
1.006005802595846127e-02
1.034212737599486676e-02
1.063210346225645919e-02
1.093020822457782364e-02
1.123666907680078222e-02
1.155172051834997028e-02
1.187560316724937427e-02
1.220856423595298793e-02
1.255085796551986578e-02
1.290274624523524150e-02
1.326449744328128330e-02
1.363638820800101153e-02
1.401870222101144099e-02
1.441173169947953386e-02
1.481577660235377722e-02
1.523114559458645448e-02
1.565815574679306835e-02
1.609713323566320034e-02
1.654841279976171017e-02
1.701233972916127088e-02
1.748926733961092203e-02
1.797956027437799115e-02
1.848359280483071951e-02
1.900174919450883099e-02
1.953442512441379980e-02
2.008202716504446650e-02
2.064497333109568955e-02
2.122369270651024153e-02
2.181862743592379722e-02
2.243023102531119597e-02
2.305897003606881268e-02
2.370532413318388043e-02
2.436978652289876687e-02
2.505286401168746110e-02
2.575507723685013448e-02
2.647696155166104001e-02
2.721906784287744449e-02
2.798196176481256015e-02
2.876622468533033411e-02
2.957245460586532815e-02
3.040126577229205693e-02
3.125329030854132051e-02
3.212917681646963036e-02
3.302959327879395612e-02
3.395522520143539474e-02
3.490677808436756097e-02
3.588497642358341733e-02
3.689056531445938231e-02
3.792431037149446293e-02
3.898699852198365956e-02
4.007943917402695400e-02
4.120246351300635435e-02
4.235692622068551461e-02
4.354370612788297651e-02
4.476370553582209588e-02
4.601785305293688150e-02
4.730710237053160905e-02
4.863243382050377178e-02
4.999485521657468651e-02
5.139540223210349590e-02
5.283513910564029137e-02
5.431516045665558956e-02
5.583659019274991864e-02
5.740058434333183968e-02
5.900833053691283137e-02
6.066104994309920451e-02
6.235999666787182816e-02
6.410646066600719784e-02
6.590176691815588517e-02
6.774727741154490390e-02
6.964439197398558656e-02
7.159454894534053593e-02
7.359922702452109666e-02
7.565994552007916651e-02
7.777826557896727611e-02
7.995579190597927599e-02
8.219417325933645047e-02
8.449510452584639564e-02
8.686032687636274785e-02
8.929163008432138005e-02
9.179085276256493398e-02
9.435988456812974268e-02
9.700066768640176751e-02
9.971519708053171172e-02
1.025055233830770712e-01
1.053737533924093278e-01
1.083220520250008090e-01
1.113526434907393947e-01
1.144678137702137416e-01
1.176699108922782122e-01
1.209613483788890137e-01
1.243446050990234669e-01
1.278222286312035161e-01
1.313968359104087658e-01
1.350711159855335630e-01
1.388478311767672724e-01
1.427298199753620489e-01
1.467199977005126943e-01
1.508213602813006371e-01
1.550369846745609792e-01
1.593700322853757179e-01
1.638237504257493982e-01
1.684014753997082336e-01
1.731066335188919947e-01
1.779427449087006285e-01
1.829134251390834021e-01
1.880223880483227195e-01
1.932734480595753590e-01
1.986705230919481591e-01
2.042176371574531968e-01
2.099189227059991558e-01
2.157786245952872661e-01
2.218011012403842686e-01
2.279908290781530456e-01
2.343524051603093628e-01
2.408905497520921479e-01
2.476101102735458470e-01
2.545160639502983546e-01
2.616135212845817071e-01
2.689077291963278271e-01
2.764040754719553350e-01
2.841080911201236403e-01
2.920254542621911753e-01
3.001619939495197564e-01
3.085236947647815864e-01
3.171166990935148644e-01
3.259473117208220860e-01
3.350220046264103524e-01
3.443474198760050342e-01
3.539303742512230344e-01
3.637778640471944769e-01
3.738970679003215114e-01
3.842953533526184962e-01
3.949802795269298228e-01
4.059596021129221466e-01
4.172412785752763198e-01
4.288334730216644131e-01
4.407445598823857558e-01
4.529831296410586905e-01
4.655579940283701701e-01
4.784781901281113248e-01
4.917529868555348127e-01
5.053918890292372623e-01
5.194046429813354848e-01
5.338012421892475157e-01
5.485919321652206193e-01
5.637872170723658982e-01
5.793978638038402851e-01
5.954349082921964742e-01
6.119096620474946402e-01
6.288337158990511266e-01
6.462189477717253938e-01
6.640775277123748266e-01
6.824219229669090669e-01
7.012649056805433379e-01
7.206195569474819207e-01
7.404992738412473630e-01
7.609177756857824493e-01
7.818891086461240425e-01
8.034276530034808461e-01
8.255481286508474792e-01
8.482656004451546439e-01
8.715954855129888212e-01
8.955535570994498373e-01
9.201559521467553848e-01
9.454191761628776280e-01
9.713601085735186214e-01
9.979960089641519705e-01
1.025344521592819413e+00
1.053423680892188408e+00
1.082251917375532280e+00
1.111848060641910774e+00
1.142231346209037879e+00
1.173421417382878085e+00
1.205438332169935345e+00
1.238302564688431806e+00
1.272035010138445665e+00
1.306656987060939468e+00
1.342190240718851069e+00
1.378656945088253538e+00
1.416079704343065737e+00
1.454481554865199922e+00
1.493885965112902170e+00
1.534316836288342367e+00
1.575798501785871997e+00
1.618355725729389460e+00
1.662013700335336353e+00
1.706798044156965677e+00
1.752734796815204721e+00
1.799850415453554398e+00
1.848171767638499885e+00
1.897726124662647118e+00
1.948541154061884217e+00
2.000644908570291314e+00
2.054065815831289665e+00
2.108832665661722672e+00
2.164974594990008772e+00
2.222521073503341160e+00
2.281501884192880247e+00
2.341947103365863203e+00
2.403887079891843026e+00
2.467352409236215127e+00
2.532373907324093842e+00
2.598982581232605504e+00
2.667209595812860989e+00
2.737086239744408900e+00
2.808643885313253374e+00
2.881913947675413201e+00
2.956927839369215771e+00
3.033716919653046684e+00
3.112312441883263503e+00
3.192745495048152193e+00
3.275046941125298261e+00
3.359247348074872352e+00
3.445376916042967697e+00
3.533465399177738053e+00
3.623542021559301496e+00
3.715635385489724385e+00
3.809773375345979485e+00
3.905983050985581073e+00
4.004290537257749527e+00
4.104720903327971904e+00
4.207298032966883206e+00
4.312044487431360373e+00
4.418981358389479475e+00
4.528128109513022359e+00
4.639502408261933830e+00
4.753119946875314916e+00
4.868994249304086530e+00
4.987136467779242466e+00
5.107555164202111087e+00
5.230256076464222303e+00
5.355241872695040151e+00
5.482511886276531854e+00
5.612061834658911508e+00
5.743883522286888699e+00
5.877964520494771250e+00
6.014287832067793715e+00
6.152831530035052232e+00
6.293568377676883152e+00
6.436465422402675607e+00
6.581483565621944365e+00
6.728577105966538241e+00
6.877693254024447533e+00
7.028771619687772088e+00
7.181743663751437801e+00
7.336532122746572071e+00
7.493050393475845894e+00
7.651201884467337067e+00
7.810879327217413071e+00
7.971964047940932829e+00
8.134325193483553207e+00
8.297818916276664680e+00
8.462287507324470326e+00
8.627558482182269728e+00
8.793443611314724961e+00
8.959737896050377515e+00
9.126218485179592221e+00
9.292643529883374498e+00
9.458750972993799522e+00
9.624257269239562262e+00
9.788856034799769290e+00
9.952216617880194960e+00
1.011398259214666417e+01
1.027377016374776986e+01
1.043116649101571802e+01
1.058572791075618014e+01
1.073697806478486783e+01
1.088440592749947022e+01
1.102746372003398712e+01
1.116556471594562261e+01
1.129808092278600995e+01
1.142434064172542207e+01
1.154362589348801649e+01
1.165516970676927855e+01
1.175815326115003501e+01
1.185170287853309823e+01
1.193488685326497389e+01
1.200671211542911010e+01
1.206612071934987007e+01
1.211198614693850928e+01
1.214310941696675883e+01
1.215821499295895336e+01
1.215594648025174251e+01
1.213486209808548111e+01
1.209342992152115137e+01
1.203002287807792747e+01
1.194291349136772773e+01
1.183026835600698057e+01
1.169014233487921928e+01
1.152047246383208545e+01
1.131907155150064348e+01
1.108362145996433945e+01
1.081166605232396982e+01
1.050060379097498142e+01
1.014767997352813111e+01
9.749978586346944809e+00
9.304413764733448389e+00
8.807720835349975630e+00
8.256446930322287159e+00
7.646941146583876581e+00
6.975344239109173117e+00
6.237577821380751786e+00
5.429333056709777949e+00
4.546058817036275457e+00
3.582949286967549885e+00
2.534930990603793788e+00
1.396649218646931701e+00
1.624538288256044405e-01
-1.173615604093492415e+00
-2.617845315858718713e+00
-4.176863581006962534e+00
-5.857657677436426624e+00
-7.667591607320050073e+00
-9.614424610336746113e+00
-1.170633049492171196e+01
-1.395191782424957516e+01
-1.636025098316230597e+01
-1.894087216496041748e+01
-2.170382430763320158e+01
-2.465967501883454460e+01
-2.781954152126932911e+01
-3.119511666207379363e+01
-3.479869601556240610e+01
-3.864320612897746798e+01
-4.274223394169538182e+01
-4.711005742627687454e+01
-5.176167749105770355e+01
-5.671285118751803367e+01
-6.198012626736482389e+01
-6.758087713677977604e+01
-7.353334225156358173e+01
-7.985666300418033359e+01
-8.657092415072256131e+01
-9.369719582755476495e+01
-1.012575772107618945e+02
-1.092752418689944705e+02
-1.177744848680684413e+02
-1.267807716754304721e+02
-1.363207889303378977e+02
-1.464224971285924255e+02
-1.571151852876946577e+02
-1.684295276496665110e+02
-1.803976424850043827e+02
-1.930531530602853252e+02
-2.064312508336834924e+02
-2.205687609482139635e+02
-2.355042100843323567e+02
-2.512778967488714272e+02
-2.679319640648310497e+02
-2.855104751381398387e+02
-3.040594910753710565e+02
-3.236271517283364005e+02
-3.442637592435932561e+02
-3.660218644954858860e+02
-3.889563564890074190e+02
-4.131245548107406762e+02
-4.385863052171310414e+02
-4.654040784492674447e+02
-4.936430723634881588e+02
-5.233713174695849375e+02
-5.546597859745422738e+02
-5.875825044313151011e+02
-6.222166700880283088e+02
-6.586427710477729534e+02
-6.969447103444367713e+02
-7.372099340408419721e+02
-7.795295634684398465e+02
-8.239985317224998198e+02
-8.707157245341694534e+02
-9.197841256442053464e+02
-9.713109668066235827e+02
-1.025407882556953609e+03
-1.082191069880640725e+03
-1.141781452924721407e+03
-1.204304852900653259e+03
-1.269892163328818242e+03
-1.338679530786138002e+03
-1.410808541313989053e+03
-1.486426412666054603e+03
-1.565686192559027631e+03
-1.648746963123235446e+03
-1.735774051729222492e+03
-1.826939248396333824e+03
-1.922421029985188397e+03
-2.022404791382557278e+03
-2.127083083906321008e+03
-2.236655861156262290e+03
-2.351330732547457046e+03
-2.471323224777574978e+03
-2.596857051492624578e+03
-2.728164391402340243e+03
-2.865486175146377263e+03
-3.009072381190914712e+03
-3.159182341060634371e+03
-3.316085054228215995e+03
-3.480059512978607927e+03
-3.651395037610255258e+03
-3.830391622318230930e+03
-4.017360292127314551e+03
-4.212623471288966357e+03
-4.416515363514688033e+03
-4.629382344493509663e+03
-4.851583367132911917e+03
-5.083490379962653606e+03
-5.325488759214534184e+03
-5.577977755045906633e+03
-5.841370952462205423e+03
-6.116096747442335072e+03
-6.402598838895988592e+03
-6.701336736986728283e+03
-7.012786288483261160e+03
-7.337440219765145230e+03
-7.675808698185550384e+03
-8.028419912463054970e+03
-8.395820672886085958e+03
-8.778577032065035382e+03
-9.177274927061380367e+03
-9.592520843757398325e+03
-1.002494250429022759e+04
-1.047518957856691850e+04
-1.094393442075075473e+04
-1.143187283177674362e+04
-1.193972484893571709e+04
-1.246823556368837671e+04
-1.301817596881070494e+04
-1.359034383612583588e+04
-1.418556462615272540e+04
-1.480469243091270801e+04
-1.544861095142271915e+04
-1.611823451126103282e+04
-1.681450910784745065e+04
-1.753841350302163119e+04
-1.829096035461632709e+04
-1.907319739096651028e+04
-1.988620863008321976e+04
-2.073111564558893224e+04
-2.160907888156915214e+04
-2.252129901847014844e+04
-2.346901839238700632e+04
-2.445352247033610547e+04
-2.547614138394231486e+04
-2.653825152445618369e+04
-2.764127720179650714e+04
-2.878669237100952159e+04
-2.997602242895686504e+04
-3.121084608508021120e+04
-3.249279730955035848e+04
-3.382356736284213548e+04
-3.520490691067027365e+04
-3.663862822870089440e+04
-3.812660750145365455e+04
-3.967078722046901385e+04
-4.127317868663560512e+04
-4.293586462224194838e+04
-4.466100189870816394e+04
-4.645082438588552031e+04
-4.830764592964762414e+04
-5.023386346474276797e+04
-5.223196027045688970e+04
-5.430450937670363783e+04
-5.645417712940290949e+04
-5.868372692386589915e+04
-6.099602311604899296e+04
-6.339403512164698623e+04
-6.588084171462616359e+04
-6.845963553628361842e+04
-7.113372782806996838e+04
-7.390655340122507187e+04
-7.678167585797341599e+04
-7.976279307999384764e+04
-8.285374300023938122e+04
-8.605850967704053619e+04
-8.938122968870948534e+04
-9.282619887033732084e+04
-9.639787941469591169e+04
-1.001009073613478977e+05
-1.039401005001680314e+05
-1.079204667175871582e+05
-1.120472128152537189e+05
-1.163257538347369118e+05
-1.207617229232050158e+05
-1.253609817795058480e+05
-1.301296317210464767e+05
-1.350740254185787635e+05
-1.402007793465722352e+05
-1.455167870044631418e+05
-1.510292329657187511e+05
-1.567456078194527945e+05
-1.626737240736570093e+05
-1.688217330966352310e+05
-1.751981431784048327e+05
-1.818118388048244233e+05
-1.886721012426841771e+05
-1.957886305462604505e+05
-2.031715691055828356e+05
-2.108315268676101114e+05
-2.187796083789236145e+05
-2.270274418081333279e+05
-2.355872101279601629e+05
-2.444716846533089993e+05
-2.536942611538831843e+05
-2.632689987833961495e+05
-2.732106620954613900e+05
-2.835347664455965860e+05
-2.942576271142082987e+05
-3.053964125262843445e+05
-3.169692019832736696e+05
-3.289950483804863179e+05
-3.414940464347479283e+05
-3.544874070201594150e+05
-3.679975382776047918e+05
-3.820481342617513146e+05
-3.966642719798316830e+05
-4.118725178011863609e+05
-4.277010443471059552e+05
-4.441797591297469917e+05
-4.613404463885466103e+05
-4.792169237922424218e+05
-4.978452159178315196e+05
-5.172637467175954371e+05
-5.375135535298690666e+05
-5.586385256020100787e+05
-5.806856705829150742e+05
-6.037054130215377081e+05
-6.277519296144547407e+05
-6.528835267777403351e+05
-6.791630671355634695e+05
-7.066584527530183550e+05
-7.354431744353729300e+05
-7.655969382677766262e+05
-7.972063828265259508e+05
-8.303659033160499530e+05
-8.651786023830313934e+05
-9.017573917726820800e+05
-9.402262745293384651e+05
-9.807218445377575699e+05
-1.023395049248274183e+06
-1.068413273150839144e+06
-1.115962814825663576e+06
-1.166251850477093598e+06
-1.219514003539995058e+06
-1.276012675761648919e+06
-1.336046343798888149e+06
-1.399955092259271070e+06
-1.468128747296659043e+06
-1.541017106683591381e+06
-1.619142951604341390e+06
-1.703118802315055858e+06
-1.793668792591429316e+06
-1.891657666607217398e+06
-1.998129882793807890e+06
-2.114363381227010395e+06
-2.241945168355290312e+06
-2.382880315950924996e+06
-2.539753882723091636e+06
-2.715980030335467774e+06
-2.916201725591563620e+06
-3.146965830685180146e+06
-3.417939017747909296e+06
-3.744287536023729946e+06
-4.151887961908225901e+06
-4.690737521980339661e+06
-5.479671518688747659e+06
-6.958549200693846680e+06
nan
nan
nan
nan
nan
nan
nan
nan
nan
nan
nan
nan
nan
nan
nan
nan
nan
nan
nan
nan
nan
nan
nan
nan
nan
nan
nan
nan
nan
nan
nan
nan
nan
nan
nan
nan
nan
nan
nan
nan
nan
nan
nan
nan
nan
nan
nan
nan
nan
nan
nan
nan
nan
nan
nan
nan
nan
nan
nan
nan
nan
nan
nan
nan
nan
nan
nan
nan
nan
nan
nan
nan
nan
nan
nan
nan
nan
nan
nan
nan
nan
nan
nan
nan
nan
nan
nan
nan
nan
nan
nan
nan
nan
nan
nan
nan
nan
nan
nan
nan
nan
nan
nan
nan
nan
nan
nan
nan
nan
nan
nan
nan
nan
nan
nan
nan
nan
nan
nan
nan
nan
nan
nan
nan
nan
nan
nan
nan
nan
nan
nan
nan
nan
nan
nan
nan
nan
nan
nan
nan
nan
nan
nan
nan
nan
nan
nan
nan
nan
nan
nan
nan
nan
nan
nan
nan
nan
nan
nan
nan
nan
nan
nan
nan
nan
nan
nan
nan
nan
nan
nan
nan
nan
nan
nan
nan
nan
nan
nan
nan
nan
nan
nan
nan
nan
nan
nan
nan
nan
nan
nan
nan
nan
nan
nan
nan
nan
nan
nan
nan
nan
nan
nan
nan
nan
nan
nan
nan
nan
nan
nan
nan
nan
nan
nan
nan
nan
